StartTime: 2021-08-11 14:08:06.818
address	Time(s)	ax(g)	ay(g)	az(g)	wx(deg/s)	wy(deg/s)	wz(deg/s)	AngleX(deg)	AngleY(deg)	AngleZ(deg)	T(°)
0x50	 14:08:06.818	0.8896	-0.4688	-0.1152	7.7515	10.2539	-23.1934	-99.7888	-64.7919	121.7340	31.75
0x50	 14:08:06.818	0.8960	-0.4429	-0.0820	5.7983	10.7422	-25.8179	-99.6405	-65.0281	121.5857	31.75
0x50	 14:08:06.826	0.9063	-0.4111	-0.0679	6.5918	14.5264	-29.4800	-99.3823	-65.3247	121.3660	31.76
0x50	 14:08:06.836	0.9063	-0.4111	-0.0679	7.0190	16.7236	-32.4097	-99.0747	-65.6653	121.0968	31.74
0x50	 14:08:06.847	0.9111	-0.3843	-0.0303	7.0190	16.7236	-32.4097	-98.7561	-66.0059	120.8167	31.74
0x50	 14:08:06.856	0.9116	-0.3892	-0.0366	7.2632	18.0664	-33.2642	-98.3606	-66.3684	120.5035	31.74
0x50	 14:08:06.866	0.9155	-0.3799	-0.0542	5.4321	14.9536	-31.7993	-98.0420	-66.7090	120.2509	31.73
0x50	 14:08:06.876	0.9229	-0.3652	-0.0435	5.3711	12.2681	-31.0059	-97.8113	-67.0331	120.0531	31.74
0x50	 14:08:06.886	0.9331	-0.3521	-0.0137	6.1646	13.2446	-30.7007	-97.5311	-67.3682	119.8224	31.75
0x50	 14:08:06.896	0.9272	-0.3560	-0.0396	4.5776	13.7329	-28.9307	-97.2015	-67.6868	119.5697	31.75
0x50	 14:08:06.906	0.9272	-0.3652	-0.0244	-0.4272	11.5967	-25.4517	-96.9928	-67.9669	119.3500	31.74
0x50	 14:08:06.916	0.9233	-0.3755	-0.0776	-0.3662	12.2070	-24.1089	-96.7401	-68.2196	119.1028	31.74
0x50	 14:08:06.926	0.9302	-0.3633	-0.0674	-0.4883	12.3901	-25.0244	-96.5643	-68.4778	118.8501	31.73
0x50	 14:08:06.955	0.9331	-0.3555	-0.0581	-1.2207	16.9678	-26.1230	-96.2677	-68.7524	118.4766	31.74
0x50	 14:08:06.956	0.9409	-0.3706	-0.0698	-4.2725	20.2026	-25.8789	-95.8997	-69.0271	117.9987	31.74
0x50	 14:08:06.956	0.9331	-0.3716	-0.0811	-6.0425	21.5454	-26.0620	-95.5261	-69.2963	117.4768	31.74
0x50	 14:08:06.966	0.9365	-0.3613	-0.0195	-10.1318	25.9399	-27.8931	-95.0867	-69.5819	116.8176	31.75
0x50	 14:08:06.976	0.9268	-0.3618	-0.0151	-11.6577	31.6772	-29.2969	-94.4110	-69.8950	115.9882	31.73
0x50	 14:08:06.986	0.9336	-0.3535	-0.0117	-16.6016	30.8838	-28.8086	-93.7848	-70.1917	115.1587	31.73
0x50	 14:08:06.996	0.9517	-0.3154	-0.0293	-17.1509	29.1138	-28.9917	-93.1860	-70.4883	114.3567	31.74
0x50	 14:08:07.006	0.9580	-0.3115	0.0210	-16.5405	27.7710	-29.5410	-92.6422	-70.8069	113.5767	31.74
0x50	 14:08:07.016	0.9521	-0.3057	-0.0098	-15.5640	28.5034	-28.5645	-91.9611	-71.1145	112.7527	31.73
0x50	 14:08:07.026	0.9487	-0.3252	-0.0176	-13.4888	25.4517	-27.7100	-91.3843	-71.4056	111.9946	31.74
0x50	 14:08:07.036	0.9365	-0.3438	-0.0322	-12.9395	25.2686	-26.6113	-90.8075	-71.6693	111.2201	31.74
0x50	 14:08:07.046	0.9478	-0.3242	-0.0015	-15.9302	27.8320	-27.4048	-90.1868	-71.9275	110.3467	31.74
0x50	 14:08:07.056	0.9448	-0.3213	0.0151	-19.4092	32.4707	-29.4189	-89.3958	-72.2131	109.3030	31.74
0x50	 14:08:07.066	0.9429	-0.3115	-0.0054	-18.1274	33.7524	-30.8838	-88.5059	-72.5043	108.1879	31.73
0x50	 14:08:07.076	0.9497	-0.3174	0.0015	-16.8457	32.1655	-32.2266	-87.6599	-72.8064	107.0947	31.73
0x50	 14:08:07.086	0.9478	-0.2988	0.0073	-13.1226	32.8369	-33.5083	-86.7151	-73.1140	105.9357	31.74
0x50	 14:08:07.096	0.9580	-0.2876	0.0269	-15.0146	33.5083	-33.8745	-85.7318	-73.4216	104.7162	31.74
0x50	 14:08:07.106	0.9644	-0.2700	0.0146	-15.6860	33.5083	-33.5693	-84.6826	-73.7292	103.4583	31.74
0x50	 14:08:07.131	0.9722	-0.2568	0.0371	-17.4561	32.3486	-32.8979	-83.6774	-74.0314	102.2003	31.72
0x50	 14:08:07.133	0.9629	-0.2725	0.0239	-15.5029	33.2642	-32.4707	-82.5458	-74.3225	100.8655	31.72
0x50	 14:08:07.136	0.9502	-0.3130	-0.0088	-11.9019	32.7148	-32.3486	-81.3977	-74.5972	99.5142	31.73
0x50	 14:08:07.145	0.9570	-0.3135	-0.0098	-9.9487	33.7524	-33.8745	-80.2167	-74.8499	98.0640	31.72
0x50	 14:08:07.155	0.9790	-0.2778	0.0605	-12.3291	40.1001	-38.3911	-78.7665	-75.1300	96.3007	31.74
0x50	 14:08:07.165	0.9585	-0.2378	0.0200	-19.5313	47.1802	-44.8608	-76.8988	-75.4596	94.1583	31.75
0x50	 14:08:07.176	0.9634	-0.2139	0.0913	-28.5645	48.9502	-48.2788	-75.0256	-75.8221	91.8237	31.74
0x50	 14:08:07.186	0.9692	-0.2124	0.0825	-24.5972	53.5278	-48.5229	-72.6691	-76.1572	89.1980	31.75
0x50	 14:08:07.196	0.9824	-0.1860	0.0981	-23.1934	50.7202	-46.6309	-70.3564	-76.4539	86.5942	31.74
0x50	 14:08:07.206	0.9810	-0.2070	0.1113	-23.3765	48.4009	-44.1284	-68.0219	-76.7230	84.0125	31.73
0x50	 14:08:07.216	0.9673	-0.2319	0.0679	-18.0664	46.3257	-40.8936	-65.6982	-76.9208	81.4801	31.73
0x50	 14:08:07.226	0.9766	-0.2305	0.0869	-18.0054	45.9595	-40.1001	-63.4625	-77.0911	78.8983	31.74
0x50	 14:08:07.236	0.9722	-0.1992	0.0918	-25.6348	51.1475	-42.6636	-60.9796	-77.2284	75.9924	31.74
0x50	 14:08:07.245	0.9688	-0.1523	0.1499	-35.9497	55.6641	-45.1050	-58.2935	-77.3547	72.8009	31.74
0x50	 14:08:07.255	0.9653	-0.1265	0.1694	-37.9028	58.7158	-45.1660	-55.2887	-77.4316	69.4336	31.75
0x50	 14:08:07.265	0.9556	-0.1396	0.1611	-33.8745	55.0537	-41.3818	-52.3828	-77.4591	66.2750	31.75
0x50	 14:08:07.275	0.9443	-0.1753	0.1328	-24.4141	48.8281	-36.2549	-49.8010	-77.4481	63.4735	31.74
0x50	 14:08:07.285	0.9438	-0.1978	0.1045	-15.8691	44.1284	-32.8369	-47.5488	-77.4097	60.9467	31.74
0x50	 14:08:07.296	0.9634	-0.1890	0.1304	-16.5405	44.3115	-33.2642	-45.4120	-77.3492	58.4143	31.74
0x50	 14:08:07.305	0.9531	-0.1660	0.1489	-24.0479	49.6826	-36.3159	-43.0609	-77.2559	55.6348	31.74
0x50	 14:08:07.315	0.9429	-0.1304	0.2192	-29.6631	54.1992	-38.8184	-40.5450	-77.1240	52.6685	31.73
0x50	 14:08:07.326	0.9409	-0.1021	0.2207	-27.6489	57.2510	-40.8325	-37.7655	-76.9318	49.6088	31.74
0x50	 14:08:07.362	0.9458	-0.1138	0.2026	-19.1040	53.4668	-40.9546	-35.0464	-76.7505	46.7249	31.74
0x50	 14:08:07.362	0.9648	-0.1333	0.1870	-7.3853	48.4619	-38.4521	-32.5690	-76.5692	44.1376	31.76
0x50	 14:08:07.362	0.9648	-0.1665	0.1382	-0.5493	46.0815	-36.2549	-30.3058	-76.3770	41.7535	31.76
0x50	 14:08:07.365	0.9761	-0.1206	0.2139	-2.4414	48.1567	-37.0483	-28.2349	-76.1627	39.3640	31.75
0x50	 14:08:07.375	0.9600	-0.0967	0.2012	-11.9629	56.5186	-41.0767	-25.8344	-75.8606	36.7328	31.74
0x50	 14:08:07.385	0.9473	-0.1035	0.2422	-16.1133	57.4341	-40.9546	-23.5602	-75.5365	34.2004	31.74
0x50	 14:08:07.395	0.9287	-0.0693	0.2925	-13.9771	59.6924	-39.0015	-21.4069	-75.1355	31.8109	31.74
0x50	 14:08:07.405	0.9009	-0.0522	0.2842	-15.3809	61.3403	-40.8325	-19.2206	-74.6906	29.4543	31.73
0x50	 14:08:07.415	0.9038	-0.0625	0.2949	-16.2354	58.4717	-41.1987	-17.1936	-74.2511	27.2516	31.73
0x50	 14:08:07.425	0.9277	-0.0596	0.2959	-16.6016	57.1899	-39.3066	-15.3918	-73.8007	25.2466	31.74
0x50	 14:08:07.435	0.9365	-0.0347	0.3628	-18.3716	56.4575	-37.9639	-13.7769	-73.3447	23.3954	31.74
0x50	 14:08:07.445	0.9424	-0.0200	0.3604	-12.4512	54.7485	-36.9873	-12.1948	-72.8558	21.6870	31.75
0x50	 14:08:07.455	0.9521	-0.0439	0.3408	1.0376	45.3491	-34.6069	-10.7007	-72.4548	20.2148	31.75
0x50	 14:08:07.465	0.9526	-0.0415	0.3423	13.4888	36.9263	-31.8604	-9.3384	-72.1307	18.9514	31.74
0x50	 14:08:07.475	0.9326	-0.0405	0.3271	14.4653	34.5459	-31.7383	-8.0365	-71.8231	17.7484	31.75
0x50	 14:08:07.485	0.9292	-0.0293	0.3350	10.0098	34.9121	-32.6538	-6.8060	-71.5155	16.5564	31.75
0x50	 14:08:07.495	0.9292	-0.0356	0.3301	-8.6670	39.1235	-31.5552	-5.8063	-71.1530	15.4193	31.77
0x50	 14:08:07.505	0.9258	-0.0215	0.3237	-26.6724	44.7388	-30.1514	-5.0757	-70.7355	14.3481	31.74
0x50	 14:08:07.516	0.9146	-0.0122	0.3706	-41.1377	49.2554	-29.2969	-4.5209	-70.2740	13.3319	31.74
0x50	 14:08:07.525	0.9180	-0.0083	0.3706	-38.0249	51.4526	-28.6865	-3.9661	-69.7632	12.3651	31.75
0x50	 14:08:07.535	0.9272	0.0054	0.4170	-28.1372	47.2412	-28.0151	-3.3783	-69.3018	11.4642	31.74
0x50	 14:08:07.546	0.9243	0.0166	0.4517	-14.0991	43.5791	-28.4424	-2.6697	-68.8513	10.5853	31.75
0x50	 14:08:07.555	0.9209	0.0176	0.4150	8.0566	35.4614	-29.0527	-1.7523	-68.4668	9.7394	31.75
0x50	 14:08:07.565	0.9180	0.0039	0.3613	27.5879	24.7192	-28.3813	-0.7086	-68.2031	8.9429	31.75
0x50	 14:08:07.594	0.9399	0.0146	0.4224	29.2358	20.0806	-26.1841	0.2417	-68.0109	8.2288	31.74
0x50	 14:08:07.594	0.9526	0.0186	0.3945	14.4043	23.1934	-23.8647	0.9833	-67.7582	7.5970	31.73
0x50	 14:08:07.595	0.9536	0.0181	0.3911	-4.8218	23.3765	-20.9961	1.4557	-67.5220	7.0532	31.73
0x50	 14:08:07.605	0.9502	0.0210	0.3945	-18.7378	25.8789	-18.6768	1.7084	-67.2583	6.5808	31.75
0x50	 14:08:07.615	0.9434	0.0215	0.3711	-24.8413	27.9541	-16.9678	1.8567	-66.9836	6.1633	31.76
0x50	 14:08:07.624	0.9463	0.0356	0.4248	-20.4468	27.6489	-15.8081	2.0160	-66.7200	5.7843	31.76
0x50	 14:08:07.635	0.9482	0.0396	0.4609	-8.8501	27.3438	-15.0757	2.2852	-66.4343	5.4272	31.76
0x50	 14:08:07.645	0.9434	0.0386	0.4658	7.4463	21.9727	-13.5498	2.6697	-66.1871	5.1086	31.74
0x50	 14:08:07.654	0.9414	0.0415	0.4736	18.7988	14.5874	-11.6577	3.1256	-66.0114	4.8395	31.75
0x50	 14:08:07.664	0.9443	0.0449	0.4717	21.4233	9.8267	-10.0708	3.5651	-65.8795	4.6033	31.76
0x50	 14:08:07.674	0.9429	0.0488	0.4355	18.5547	6.5918	-8.2397	3.9386	-65.7861	4.4110	31.76
0x50	 14:08:07.685	0.9478	0.0581	0.4619	9.5215	4.3335	-5.4932	4.1748	-65.7312	4.2847	31.76
0x50	 14:08:07.694	0.9468	0.0562	0.4453	-2.4414	5.9204	-2.3193	4.2188	-65.6543	4.2407	31.76
0x50	 14:08:07.705	0.9263	0.0273	0.4160	-10.3149	4.4556	1.2817	4.1144	-65.5994	4.2792	31.76
0x50	 14:08:07.714	0.8965	-0.0063	0.3623	-12.1460	4.2725	3.2959	3.9111	-65.5609	4.3671	31.76
0x50	 14:08:07.724	0.8618	-0.0254	0.3237	-16.7236	7.3242	2.8076	3.6255	-65.5170	4.4440	31.77
0x50	 14:08:07.735	0.8398	-0.0176	0.3511	-21.4233	14.7705	-0.2441	3.3179	-65.4071	4.4604	31.76
0x50	 14:08:07.745	0.8408	-0.0020	0.4102	-30.2124	24.4141	-3.7842	3.0048	-65.1874	4.4055	31.77
0x50	 14:08:07.775	0.8584	0.0088	0.4541	-34.3628	30.2124	-5.9814	2.7246	-64.8743	4.3011	31.77
0x50	 14:08:07.775	0.8848	0.0205	0.5176	-33.8745	29.3579	-6.4697	2.4829	-64.5502	4.1803	31.77
0x50	 14:08:07.775	0.9048	0.0259	0.5229	-30.5176	23.9868	-5.6152	2.2742	-64.2645	4.0759	31.76
0x50	 14:08:07.784	0.9253	0.0273	0.4990	-17.5171	12.3291	-4.6387	2.1918	-64.0942	3.9825	31.77
0x50	 14:08:07.794	0.9292	0.0322	0.4526	-3.0518	1.2207	-3.7231	2.2467	-64.0558	3.8947	31.77
0x50	 14:08:07.804	0.9316	0.0288	0.4155	4.8218	-5.1880	-2.6245	2.3676	-64.1107	3.8342	31.77
0x50	 14:08:07.814	0.9404	0.0229	0.4170	-0.7935	-5.3711	0.5493	2.3676	-64.1821	3.8397	31.76
0x50	 14:08:07.824	0.9326	0.0249	0.4204	-11.1084	-1.8311	3.7231	2.1918	-64.2206	3.9221	31.76
0x50	 14:08:07.834	0.9263	0.0264	0.4370	-20.6909	1.0986	6.4697	1.8677	-64.2261	4.0704	31.76
0x50	 14:08:07.844	0.9277	0.0332	0.4639	-32.6538	4.5776	9.4604	1.3623	-64.1876	4.2957	31.77
0x50	 14:08:07.854	0.9302	0.0161	0.5068	-47.2412	7.8125	13.2446	0.6482	-64.1052	4.6033	31.77
0x50	 14:08:07.864	0.9312	0.0054	0.4941	-57.3730	8.3618	17.4561	-0.2637	-63.9954	5.0043	31.76
0x50	 14:08:07.874	0.9360	0.0005	0.5015	-58.9600	3.5400	19.8975	-1.2415	-63.9404	5.4547	31.76
0x50	 14:08:07.884	0.9419	-0.0073	0.5005	-61.2183	-0.3662	22.5830	-2.2906	-63.9185	5.9711	31.74
0x50	 14:08:07.894	0.9438	-0.0166	0.4702	-58.6548	-6.1646	25.2686	-3.3728	-63.9514	6.5533	31.75
0x50	 14:08:07.904	0.9346	-0.0220	0.4600	-51.8188	-13.5498	26.6724	-4.4275	-64.0668	7.1741	31.76
0x50	 14:08:07.914	0.9302	-0.0391	0.4590	-45.8984	-18.0664	27.6489	-5.4547	-64.2206	7.8387	31.75
0x50	 14:08:07.924	0.9189	-0.0381	0.4023	-34.1797	-22.9492	28.1372	-6.4050	-64.4183	8.5309	31.77
0x50	 14:08:07.958	0.8862	-0.0415	0.3369	-23.4375	-27.0996	28.2593	-7.2729	-64.6710	9.2505	31.77
0x50	 14:08:07.958	0.8945	-0.0146	0.3599	-35.2783	-22.7051	30.7617	-8.3167	-64.9017	10.0360	31.77
0x50	 14:08:07.958	0.8950	0.0088	0.4077	-75.0122	-7.4463	36.6821	-9.7888	-64.9512	10.9149	31.77
0x50	 14:08:07.964	0.8545	-0.0757	0.4253	-116.5161	2.2583	48.7671	-11.8433	-64.8523	12.0410	31.76
0x50	 14:08:07.974	0.8433	-0.1333	0.4551	-133.1177	1.4648	60.2417	-14.3811	-64.6985	13.4198	31.75
0x50	 14:08:07.984	0.8491	-0.2163	0.3862	-120.9106	-2.9907	61.7676	-16.8640	-64.5392	14.8370	31.75
0x50	 14:08:07.994	0.8682	-0.2344	0.3975	-100.5859	-11.7798	57.7393	-19.2041	-64.4623	16.2048	31.75
0x50	 14:08:08.004	0.8613	-0.2051	0.4082	-76.6602	-14.4653	49.1333	-21.1377	-64.4128	17.3914	31.76
0x50	 14:08:08.014	0.8579	-0.2139	0.3457	-57.8613	-17.5171	40.8325	-22.6813	-64.4073	18.4186	31.74
0x50	 14:08:08.024	0.8975	-0.2256	0.4282	-56.5796	-20.0806	38.1470	-24.2194	-64.4458	19.4128	31.76
0x50	 14:08:08.034	0.8994	-0.2217	0.3374	-62.4390	-16.0522	36.8042	-25.7080	-64.4128	20.3412	31.77
0x50	 14:08:08.043	0.9121	-0.2402	0.4160	-73.9136	-20.5688	35.8276	-27.3669	-64.4568	21.2970	31.76
0x50	 14:08:08.054	0.9229	-0.2461	0.3848	-73.2422	-18.8599	34.6069	-28.9325	-64.4458	22.2089	31.76
0x50	 14:08:08.064	0.9243	-0.2485	0.3813	-58.7158	-25.0244	31.1890	-30.3662	-64.5062	23.1262	31.77
0x50	 14:08:08.074	0.9346	-0.2764	0.4048	-48.2178	-29.6021	28.5034	-31.6956	-64.6051	24.0436	31.77
0x50	 14:08:08.083	0.9175	-0.2563	0.3608	-35.7666	-30.9448	25.2075	-32.8601	-64.7150	24.9225	31.77
0x50	 14:08:08.093	0.9248	-0.2441	0.3154	-25.9399	-33.9966	20.1416	-33.8818	-64.8853	25.7520	31.76
0x50	 14:08:08.103	0.9297	-0.2573	0.3228	-28.1982	-32.6538	18.9819	-34.9200	-65.0665	26.5540	31.76
0x50	 14:08:08.113	0.9326	-0.2632	0.3530	-40.7715	-27.3438	20.7520	-36.0571	-65.1819	27.3285	31.76
0x50	 14:08:08.124	0.9229	-0.2637	0.3418	-42.6636	-25.3296	20.7520	-37.1613	-65.2588	28.0811	31.76
0x50	 14:08:08.133	0.9180	-0.2686	0.3555	-37.5366	-28.8696	19.9585	-38.2544	-65.3632	28.8776	31.77
0x50	 14:08:08.144	0.9160	-0.2695	0.3701	-30.0903	-30.5176	18.6768	-39.2651	-65.4730	29.6851	31.77
0x50	 14:08:08.154	0.9058	-0.2612	0.3315	-28.5034	-32.5317	18.2495	-40.2704	-65.5884	30.5200	31.77
0x50	 14:08:08.189	0.9077	-0.2739	0.3242	-34.8511	-36.0107	19.3481	-41.4240	-65.7312	31.4429	31.77
0x50	 14:08:08.189	0.9121	-0.2749	0.3271	-50.8423	-36.9263	22.9492	-42.8302	-65.8466	32.4536	31.77
0x50	 14:08:08.189	0.9194	-0.2827	0.2793	-59.0820	-38.7573	25.7568	-44.3848	-65.9454	33.5577	31.79
0x50	 14:08:08.193	0.9199	-0.2954	0.2920	-59.2651	-44.3726	27.8320	-46.1096	-66.0718	34.8102	31.78
0x50	 14:08:08.204	0.9170	-0.3145	0.2788	-52.6123	-47.5464	28.8696	-47.8345	-66.1926	36.1450	31.77
0x50	 14:08:08.213	0.9111	-0.3247	0.2622	-43.5791	-51.4526	28.6865	-49.5593	-66.3135	37.5677	31.76
0x50	 14:08:08.223	0.9224	-0.3369	0.2686	-35.6445	-53.7109	27.4658	-51.2512	-66.4453	39.0289	31.77
0x50	 14:08:08.233	0.9258	-0.3428	0.2764	-31.6162	-53.6499	26.4282	-52.8937	-66.5552	40.4901	31.76
0x50	 14:08:08.243	0.9111	-0.3354	0.2202	-30.2734	-54.5654	25.4517	-54.5197	-66.6650	41.9733	31.77
0x50	 14:08:08.254	0.9111	-0.3315	0.2339	-34.9731	-56.9458	24.4751	-56.2775	-66.7859	43.5004	31.76
0x50	 14:08:08.265	0.9019	-0.3208	0.2144	-40.4663	-55.2979	24.5361	-58.0408	-66.8848	45.0110	31.77
0x50	 14:08:08.273	0.9194	-0.3330	0.1650	-45.7764	-56.4575	25.1465	-59.8975	-66.9672	46.5710	31.77
0x50	 14:08:08.283	0.9268	-0.3423	0.2051	-51.1475	-59.5703	27.2217	-61.9574	-67.0386	48.2410	31.77
0x50	 14:08:08.294	0.9287	-0.3398	0.1978	-50.3540	-58.5327	28.3813	-63.9459	-67.0605	49.9054	31.77
0x50	 14:08:08.303	0.9272	-0.3608	0.1841	-53.1006	-62.5610	29.6631	-66.0498	-67.0715	51.6852	31.76
0x50	 14:08:08.313	0.9321	-0.3677	0.2017	-56.0913	-67.1387	32.4707	-68.3185	-67.0386	53.5968	31.76
0x50	 14:08:08.323	0.9082	-0.3735	0.1353	-57.9834	-71.1670	33.8745	-70.6586	-66.9781	55.6128	31.76
0x50	 14:08:08.333	0.8926	-0.3804	0.1104	-63.7817	-77.7588	35.2783	-73.2678	-66.8958	57.7881	31.75
0x50	 14:08:08.369	0.8901	-0.3848	0.1113	-68.4814	-79.4678	35.0952	-75.9540	-66.7804	59.9854	31.74
0x50	 14:08:08.370	0.8818	-0.4038	0.0356	-67.4438	-80.4443	34.1187	-78.5907	-66.6376	62.1716	31.75
0x50	 14:08:08.370	0.8813	-0.4185	-0.0181	-68.2373	-83.9844	33.4473	-81.3702	-66.4618	64.4183	31.77
0x50	 14:08:08.373	0.8564	-0.4160	-0.0610	-64.5142	-83.4351	31.8604	-84.1003	-66.2585	66.6046	31.76
0x50	 14:08:08.383	0.8730	-0.4219	-0.0933	-61.7676	-79.7119	29.3579	-86.7096	-66.0278	68.6481	31.78
0x50	 14:08:08.393	0.8730	-0.4478	-0.0737	-56.7627	-75.7446	26.0010	-89.1486	-65.7861	70.5432	31.78
0x50	 14:08:08.403	0.8623	-0.4126	-0.0464	-41.5039	-71.2280	22.9492	-91.2360	-65.5389	72.2900	31.77
0x50	 14:08:08.413	0.8657	-0.4341	-0.0273	-29.6021	-70.0073	19.1650	-93.0927	-65.3247	73.9709	31.76
0x50	 14:08:08.423	0.8813	-0.4463	0.0688	-33.8135	-68.7866	19.8364	-94.8889	-65.0720	75.5914	31.74
0x50	 14:08:08.433	0.8745	-0.4478	-0.0215	-39.1235	-68.0542	20.3857	-96.5479	-64.7864	77.1570	31.77
0x50	 14:08:08.443	0.8696	-0.4512	0.0103	-37.1094	-80.0171	20.5688	-98.4979	-64.4788	78.9697	31.77
0x50	 14:08:08.453	0.8540	-0.4473	-0.0986	-29.7241	-84.9609	19.6533	-100.3766	-64.1437	80.8539	31.77
0x50	 14:08:08.463	0.8564	-0.4365	-0.2183	-29.9683	-95.6421	17.5171	-102.5519	-63.7756	82.9358	31.78
0x50	 14:08:08.473	0.8457	-0.4160	-0.3262	-25.1465	-100.5249	16.0522	-104.8425	-63.3691	85.0781	31.78
0x50	 14:08:08.483	0.8481	-0.4512	-0.3521	-30.4565	-93.5059	17.7612	-107.0728	-62.9132	86.9952	31.78
0x50	 14:08:08.493	0.8604	-0.4658	-0.2144	-52.9785	-76.1108	22.5220	-109.0887	-62.4078	88.4454	31.77
0x50	 14:08:08.503	0.8452	-0.4365	-0.1782	-59.6313	-57.6782	21.8506	-110.6323	-61.9849	89.4672	31.77
0x50	 14:08:08.514	0.8379	-0.4648	-0.1934	-60.9741	-56.1523	19.4092	-112.0990	-61.5948	90.4395	31.79
0x50	 14:08:08.523	0.8267	-0.4863	-0.1226	-56.3965	-57.7393	19.8364	-113.5052	-61.1774	91.4117	31.77
0x50	 14:08:08.533	0.8145	-0.4668	-0.1753	-44.1284	-56.4575	16.9067	-114.6588	-60.7764	92.3456	31.77
0x50	 14:08:08.543	0.8174	-0.4541	-0.2266	-36.3159	-66.1011	9.6436	-115.9717	-60.3918	93.4937	31.77
0x50	 14:08:08.553	0.8213	-0.4717	-0.2524	-12.5732	-74.8901	3.6011	-117.2461	-60.0128	94.8230	31.77
0x50	 14:08:08.563	0.8076	-0.4697	-0.3833	33.5083	-83.5571	-1.7090	-118.2129	-59.6173	96.3226	31.77
0x50	 14:08:08.572	0.8062	-0.4653	-0.4463	70.5566	-92.4683	-7.2632	-119.0588	-59.1833	98.0035	31.77
0x50	 14:08:08.600	0.8135	-0.4604	-0.4712	76.5991	-84.3506	-9.1553	-119.7455	-58.7769	99.5306	31.77
0x50	 14:08:08.600	0.8584	-0.4829	-0.2905	33.8745	-63.4155	-2.6245	-120.4871	-58.4143	100.6183	31.78
0x50	 14:08:08.602	0.8647	-0.4478	-0.2319	-18.2495	-37.3535	6.7139	-121.1407	-58.1506	101.1676	31.77
0x50	 14:08:08.613	0.8481	-0.4399	-0.2466	-47.6685	-31.4941	10.9863	-121.9098	-57.9144	101.5686	31.78
0x50	 14:08:08.622	0.8286	-0.4766	-0.1855	-55.7251	-35.0952	16.5405	-122.7667	-57.6013	101.9641	31.77
0x50	 14:08:08.632	0.8188	-0.4429	-0.2603	-43.8232	-38.3301	20.1416	-123.4204	-57.2388	102.3651	31.77
0x50	 14:08:08.642	0.8027	-0.4619	-0.2290	-26.5503	-52.1851	15.9912	-124.1895	-56.8268	103.0078	31.77
0x50	 14:08:08.654	0.7954	-0.4492	-0.2651	10.9253	-63.7817	11.8408	-124.7003	-56.3818	103.8483	31.78
0x50	 14:08:08.663	0.8149	-0.4634	-0.3730	60.1196	-80.8716	4.3945	-125.0189	-55.8929	105.0073	31.77
0x50	 14:08:08.672	0.8174	-0.5298	-0.3481	101.7456	-94.5435	-1.7700	-125.1947	-55.3491	106.4026	31.77
0x50	 14:08:08.683	0.7988	-0.5239	-0.3823	138.9771	-96.4355	-5.3101	-124.9750	-54.8108	107.8418	31.77
0x50	 14:08:08.693	0.7734	-0.5225	-0.4834	174.3774	-102.3560	-12.3291	-124.5355	-54.2944	109.4238	31.77
0x50	 14:08:08.703	0.7744	-0.5186	-0.5352	177.0630	-100.1587	-12.6953	-124.1016	-53.7671	110.9619	31.76
0x50	 14:08:08.712	0.8232	-0.5547	-0.4438	119.5068	-74.8901	-1.5259	-123.8818	-53.2837	112.0221	31.76
0x50	 14:08:08.723	0.8120	-0.5552	-0.3359	54.0161	-42.9688	11.0474	-123.7885	-52.9156	112.5165	31.77
0x50	 14:08:08.734	0.7891	-0.5068	-0.2744	19.3481	-26.8555	15.7471	-123.7500	-52.6245	112.7417	31.76
0x50	 14:08:08.742	0.7549	-0.4756	-0.1309	15.9912	-25.4517	13.4888	-123.7115	-52.3828	112.9669	31.75
0x50	 14:08:08.760	0.7305	-0.4756	-0.3267	57.6782	-38.5742	8.3008	-123.3105	-52.1521	113.4174	31.76
0x50	 14:08:08.786	0.7363	-0.5747	-0.3604	99.4263	-68.6646	6.2866	-123.0249	-51.7181	114.2963	31.77
0x50	 14:08:08.787	0.7656	-0.5713	-0.3750	133.6670	-78.9795	7.0801	-122.4756	-51.1908	115.3015	31.77
0x50	 14:08:08.787	0.7515	-0.5801	-0.4106	154.8462	-81.1768	2.8076	-121.7780	-50.7074	116.3727	31.77
0x50	 14:08:08.792	0.6821	-0.6528	-0.3765	160.9497	-78.1250	0.5493	-121.0199	-50.2515	117.4164	31.76
0x50	 14:08:08.802	0.7114	-0.6738	-0.3501	169.3726	-68.1152	0.0000	-120.0256	-49.8230	118.3282	31.77
0x50	 14:08:08.812	0.6279	-0.6650	-0.1382	189.2700	-60.6079	-4.6387	-118.7677	-49.4989	119.1797	31.76
0x50	 14:08:08.822	1.0024	-0.8994	-0.3799	174.0112	-47.3022	-4.6997	-117.3834	-49.2462	119.8499	31.75
0x50	 14:08:08.832	0.8442	-0.6694	-0.2300	97.7173	-47.6685	0.3052	-116.8561	-48.9935	120.4980	31.76
0x50	 14:08:08.842	0.8799	-0.6006	-0.1011	95.1538	-44.3726	-23.0103	-116.4056	-49.0045	121.2616	31.76
0x50	 14:08:08.852	0.7813	-0.4028	-0.0269	96.8628	-44.7998	-28.3203	-115.8783	-49.1254	122.0636	31.76
0x50	 14:08:08.862	0.9106	-0.4604	-0.1113	163.8794	-71.7163	-32.4097	-114.9335	-49.2407	123.2666	31.76
0x50	 14:08:08.873	0.7222	-0.6777	-0.3662	178.8330	-100.0366	-18.1885	-114.1809	-49.1144	124.7717	31.75
0x50	 14:08:08.882	0.6499	-0.7271	-0.5801	104.9805	-112.7319	2.5635	-114.3457	-48.5760	126.3263	31.76
0x50	 14:08:08.892	0.6372	-0.7075	-0.6362	106.5063	-109.6191	-2.5635	-114.5654	-48.0157	127.8534	31.77
0x50	 14:08:08.902	0.7012	-0.6655	-0.4644	128.6011	-83.4351	-13.3057	-114.3622	-47.6532	129.0674	31.77
0x50	 14:08:08.912	0.7393	-0.6230	-0.1479	124.4507	-42.1753	-16.6626	-113.7305	-47.5598	129.7430	31.78
0x50	 14:08:08.922	0.7168	-0.6094	0.0698	108.2764	-15.3809	-16.9067	-112.7802	-47.6697	130.0507	31.77
0x50	 14:08:08.932	0.7065	-0.5811	0.0786	77.0264	-17.5171	-14.7705	-111.9617	-47.7521	130.3748	31.77
0x50	 14:08:08.942	0.7124	-0.5811	-0.0527	64.5142	-45.3491	-14.4653	-111.5442	-47.7411	131.0834	31.77
0x50	 14:08:08.952	0.7295	-0.6011	-0.2305	48.8892	-75.5005	-12.6343	-111.7090	-47.6147	132.1930	31.78
0x50	 14:08:08.962	0.6665	-0.5215	-0.3706	20.9961	-89.8438	-10.5591	-112.4451	-47.3950	133.4894	31.79
0x50	 14:08:08.972	0.6763	-0.5063	-0.5098	12.6953	-91.8579	-11.3525	-113.4064	-47.1368	134.8077	31.78
0x50	 14:08:08.983	0.6855	-0.5254	-0.5356	13.9160	-83.3740	-5.4321	-114.3292	-46.8182	135.9668	31.78
0x50	 14:08:09.014	0.6982	-0.6016	-0.4678	24.7192	-62.3169	4.6997	-114.8730	-46.4777	136.7688	31.77
0x50	 14:08:09.014	0.6685	-0.6978	-0.3896	16.4795	-36.4990	18.5547	-115.1038	-46.1206	137.1368	31.77
0x50	 14:08:09.014	0.6753	-0.7671	-0.3306	4.5166	-19.2261	27.4658	-115.1587	-45.7306	137.2192	31.76
0x50	 14:08:09.022	0.6816	-0.7529	-0.2681	-2.2583	-11.3525	26.3672	-115.1532	-45.3790	137.2028	31.76
0x50	 14:08:09.032	0.6997	-0.6582	-0.2354	-7.0801	-8.5449	17.0288	-115.1752	-45.1428	137.2137	31.76
0x50	 14:08:09.042	0.7061	-0.5825	-0.2437	-10.7422	-10.8643	5.8594	-115.2960	-45.0439	137.3181	31.77
0x50	 14:08:09.051	0.7300	-0.5835	-0.2910	-15.1367	-16.6626	1.0376	-115.5652	-44.9945	137.5214	31.78
0x50	 14:08:09.062	0.7773	-0.5835	-0.4009	-27.0996	-22.1558	4.3945	-116.0211	-44.8956	137.7795	31.77
0x50	 14:08:09.072	0.7207	-0.5815	-0.3955	-28.0762	-26.0620	7.5684	-116.5869	-44.7418	138.0652	31.77
0x50	 14:08:09.081	0.7036	-0.6245	-0.3638	-17.2729	-20.9351	9.2163	-116.9769	-44.5770	138.2684	31.77
0x50	 14:08:09.091	0.6943	-0.7158	-0.3477	-10.3760	-14.2822	11.6577	-117.1802	-44.4067	138.3728	31.77
0x50	 14:08:09.102	0.6846	-0.7881	-0.3457	-11.3525	-10.6812	13.5498	-117.3120	-44.2090	138.4167	31.77
0x50	 14:08:09.111	0.6919	-0.7539	-0.3535	-15.6860	-9.6436	11.0474	-117.4658	-44.0057	138.4662	31.78
0x50	 14:08:09.121	0.7002	-0.6421	-0.3711	-16.0522	-10.6201	2.0142	-117.6855	-43.9014	138.5870	31.77
0x50	 14:08:09.131	0.7061	-0.5679	-0.3984	-10.9863	-13.0615	-7.5684	-117.9602	-43.9014	138.7958	31.78
0x50	 14:08:09.141	0.7036	-0.5850	-0.4219	-9.1553	-13.3057	-9.0332	-118.2733	-43.9343	139.0155	31.78
0x50	 14:08:09.151	0.6963	-0.6133	-0.3950	-13.1226	-8.4839	-3.7842	-118.5645	-43.9288	139.1473	31.79
0x50	 14:08:09.161	0.6943	-0.6421	-0.3564	-12.1460	-0.8545	-0.7324	-118.7402	-43.9288	139.1638	31.79
0x50	 14:08:09.193	0.6875	-0.6963	-0.3516	-10.8643	4.2114	0.1831	-118.8171	-43.9453	139.1089	31.78
0x50	 14:08:09.193	0.6841	-0.6895	-0.3467	-10.3760	4.5166	-0.6104	-118.8611	-43.9453	139.0594	31.77
0x50	 14:08:09.193	0.6895	-0.5728	-0.3281	2.3193	2.8687	-8.6670	-118.8336	-44.0112	139.0814	31.77
0x50	 14:08:09.201	0.7085	-0.5083	-0.3589	19.4702	0.6714	-18.6768	-118.7292	-44.1980	139.1968	31.78
0x50	 14:08:09.211	0.7310	-0.5430	-0.4014	20.7520	-0.6104	-17.3340	-118.6743	-44.3903	139.3231	31.78
0x50	 14:08:09.221	0.7500	-0.6084	-0.4248	10.3149	1.9531	-7.5073	-118.6688	-44.4946	139.3506	31.76
0x50	 14:08:09.231	0.7368	-0.7217	-0.4312	2.3804	6.3477	0.9766	-118.6523	-44.5221	139.2627	31.77
0x50	 14:08:09.241	0.7417	-0.8257	-0.4243	-3.1128	10.0098	5.8594	-118.5919	-44.4891	139.1034	31.79
0x50	 14:08:09.251	0.6997	-0.7905	-0.3945	3.7842	12.3291	0.4272	-118.4326	-44.4836	138.9441	31.79
0x50	 14:08:09.261	0.7183	-0.7949	1.1680	36.0718	11.2305	-18.3105	-118.0426	-44.6375	138.9276	31.77
0x50	 14:08:09.271	0.7119	-0.3726	0.1006	131.9580	19.1650	-46.2646	-116.7737	-45.1318	138.9990	31.78
0x50	 14:08:09.281	0.5698	-0.5854	-0.8281	123.9014	-113.0371	-64.2700	-116.8396	-45.1978	140.8392	31.77
0x50	 14:08:09.291	0.6401	-0.6733	-0.2871	51.8799	-161.7432	-42.4194	-117.9657	-44.8462	143.1573	31.79
0x50	 14:08:09.301	0.7080	-0.6445	-0.1558	128.9673	-101.3184	-50.9644	-117.8009	-44.8187	144.7559	31.79
0x50	 14:08:09.311	0.7217	-0.5889	-0.3066	119.8120	-90.2100	-57.0068	-117.6636	-44.9066	146.2610	31.77
0x50	 14:08:09.321	0.7188	-0.6763	-0.3535	77.9419	-101.2573	-54.1992	-118.0261	-44.9121	147.8815	31.76
0x50	 14:08:09.331	0.6938	-0.7607	-0.3774	63.0493	-101.4404	-48.2788	-118.5150	-44.8627	149.4635	31.77
0x50	 14:08:09.341	0.7188	-0.6748	-0.5234	62.3779	-101.5625	-49.4385	-119.0149	-44.8132	151.0565	31.77
0x50	 14:08:09.373	0.7207	-0.6235	-0.5630	61.0962	-101.8677	-55.2368	-119.5587	-44.8022	152.6880	31.76
0x50	 14:08:09.373	0.7183	-0.6245	-0.5029	51.0864	-84.4727	-52.8564	-120.0366	-44.8462	154.0942	31.76
0x50	 14:08:09.373	0.7100	-0.6069	-0.4424	34.6069	-61.7065	-43.2129	-120.4321	-44.9121	155.1544	31.78
0x50	 14:08:09.380	0.7090	-0.6245	-0.3779	23.1323	-46.5698	-36.9873	-120.7892	-44.9945	155.9839	31.78
0x50	 14:08:09.391	0.6768	-0.6743	-0.3379	17.4561	-39.0625	-35.0952	-121.1298	-45.0934	156.7145	31.78
0x50	 14:08:09.401	0.6704	-0.5947	-0.2129	22.9492	-38.9404	-41.1377	-121.4484	-45.2472	157.4835	31.78
0x50	 14:08:09.411	0.6963	-0.4702	-0.1797	44.2505	-44.1895	-56.8848	-121.6846	-45.4999	158.4448	31.76
0x50	 14:08:09.421	0.7246	-0.3320	-0.1992	61.7065	-60.1807	-67.6880	-121.9537	-45.7581	159.6808	31.77
0x50	 14:08:09.431	0.7124	-0.4424	-0.2607	68.4814	-79.2236	-65.6128	-122.3163	-45.8954	161.1420	31.79
0x50	 14:08:09.441	0.6982	-0.5879	-0.3901	65.4297	-95.3979	-50.4761	-122.7722	-45.8130	162.6910	31.78
0x50	 14:08:09.452	0.7012	-0.6670	-0.4707	57.9834	-107.4829	-39.1235	-123.3380	-45.5603	164.2896	31.77
0x50	 14:08:09.461	0.7568	-0.6157	-0.4990	54.5654	-106.3232	-38.0249	-123.9148	-45.2966	165.8551	31.78
0x50	 14:08:09.472	0.7539	-0.6343	-0.4648	53.7720	-95.0317	-44.3726	-124.4202	-45.1318	167.3273	31.78
0x50	 14:08:09.482	0.7495	-0.6196	-0.4741	56.7017	-81.2378	-51.1475	-124.8157	-45.0934	168.6896	31.77
0x50	 14:08:09.491	0.7339	-0.4570	-0.4385	61.0962	-73.9136	-61.7676	-125.1727	-45.1813	170.0464	31.76
0x50	 14:08:09.501	0.7266	-0.4082	-0.4019	60.4858	-68.4814	-65.4297	-125.5078	-45.3186	171.3757	31.77
0x50	 14:08:09.510	0.7168	-0.4653	-0.3892	41.9922	-63.5376	-47.8516	-125.8923	-45.3406	172.5073	31.77
0x50	 14:08:09.521	0.6997	-0.5059	-0.4248	19.9585	-61.5234	-23.3154	-126.3373	-45.1703	173.4137	31.77
0x50	 14:08:09.531	0.7075	-0.5718	-0.3887	5.3101	-62.8662	-5.9814	-126.8262	-44.8462	174.1827	31.79
0x50	 14:08:09.540	0.7080	-0.5854	-0.3853	0.4883	-60.5469	1.8311	-127.2931	-44.4672	174.8474	31.78
0x50	 14:08:09.551	0.7017	-0.6406	-0.4390	4.0894	-64.8193	-2.3193	-127.7710	-44.0936	175.5890	31.77
0x50	 14:08:09.561	0.6929	-0.5552	-0.4458	9.3384	-72.0215	-11.0474	-128.2983	-43.7366	176.4789	31.76
0x50	 14:08:09.570	0.6821	-0.4536	-0.4365	15.4419	-73.7305	-22.9492	-128.8312	-43.4619	177.4731	31.77
0x50	 14:08:09.604	0.6685	-0.5190	-0.4570	15.2588	-74.2188	-23.7427	-129.3695	-43.1818	178.4784	31.76
0x50	 14:08:09.604	0.6675	-0.5923	-0.5117	8.5449	-74.7681	-11.9019	-129.8969	-42.7972	179.3738	31.76
0x50	 14:08:09.604	0.6851	-0.5771	-0.4980	7.8125	-75.9277	-4.6997	-130.3857	-42.3468	-179.7858	31.78
0x50	 14:08:09.610	0.7231	-0.5791	-0.5708	3.9673	-70.4346	-5.9814	-130.8691	-41.9403	-179.0057	31.79
0x50	 14:08:09.620	0.7119	-0.6260	-0.5498	2.9907	-67.8711	-9.0332	-131.3525	-41.5613	-178.2367	31.79
0x50	 14:08:09.630	0.6978	-0.5684	-0.5029	8.2397	-58.5938	-19.4092	-131.7755	-41.3196	-177.4786	31.79
0x50	 14:08:09.640	0.6958	-0.4014	-0.5923	20.2026	-53.2837	-34.8511	-132.1271	-41.2262	-176.6437	31.79
0x50	 14:08:09.650	0.6904	-0.3828	-0.5483	22.4609	-54.0771	-38.2690	-132.4786	-41.1438	-175.7648	31.78
0x50	 14:08:09.660	0.6543	-0.5093	-0.4736	12.8784	-41.0767	-20.9351	-132.7368	-41.0229	-175.1770	31.76
0x50	 14:08:09.670	0.6318	-0.5947	-0.4214	2.5024	-31.1890	0.0000	-132.9126	-40.8142	-174.8749	31.77
0x50	 14:08:09.680	0.6245	-0.6294	-0.4688	-2.6245	-32.9590	7.3242	-133.1049	-40.5341	-174.6222	31.77
0x50	 14:08:09.691	0.6387	-0.6694	-0.5479	-1.9531	-44.0674	4.9438	-133.3685	-40.1990	-174.2432	31.78
0x50	 14:08:09.702	0.6440	-0.6099	-0.5825	-1.8311	-51.0864	-0.3662	-133.7036	-39.8474	-173.7488	31.78
0x50	 14:08:09.710	0.6323	-0.6167	-0.5625	-4.8218	-49.0112	-7.8735	-134.0936	-39.5673	-173.2214	31.79
0x50	 14:08:09.720	0.6348	-0.5742	-0.5376	-7.0801	-43.3350	-11.5967	-134.4891	-39.3475	-172.7106	31.79
0x50	 14:08:09.730	0.6357	-0.5991	-0.5703	-8.6060	-41.5649	-14.4653	-134.9011	-39.1608	-172.1942	31.77
0x50	 14:08:09.740	0.6343	-0.6396	-0.6055	-10.3760	-42.6636	-15.3198	-135.3406	-38.9685	-171.6669	31.78
0x50	 14:08:09.750	0.6372	-0.5449	-0.5757	-11.5967	-40.5884	-19.2261	-135.7965	-38.8147	-171.1230	31.77
0x50	 14:08:09.781	0.6538	-0.3315	-0.4761	-11.4136	-34.4238	-28.0151	-136.2634	-38.7598	-170.5573	31.77
0x50	 14:08:09.782	0.6592	-0.3452	-0.4922	-10.9863	-31.6162	-30.7617	-136.8127	-38.8422	-169.9915	31.77
0x50	 14:08:09.782	0.6465	-0.4507	-0.6216	-9.7656	-40.8936	-17.3950	-137.3181	-38.7543	-169.4696	31.78
0x50	 14:08:09.790	0.6499	-0.5498	-0.6538	-8.6670	-49.7437	-3.5400	-137.7576	-38.4302	-169.0027	31.78
0x50	 14:08:09.800	0.6465	-0.6533	-0.6831	-7.7515	-43.3960	3.3569	-138.0652	-38.0786	-168.6621	31.78
0x50	 14:08:09.810	0.6470	-0.6719	-0.6821	-7.4463	-34.2407	3.1738	-138.2794	-37.7655	-168.4039	31.77
0x50	 14:08:09.820	0.6382	-0.6167	-0.6553	-8.5449	-23.8037	-5.8594	-138.4937	-37.5952	-168.1458	31.77
0x50	 14:08:09.830	0.6177	-0.6411	-0.6250	-9.8877	-14.4043	-18.1885	-138.7463	-37.5842	-167.8546	31.77
0x50	 14:08:09.840	0.6108	-0.6245	-0.6191	-10.8032	-7.3853	-26.3062	-138.9990	-37.6721	-167.5470	31.77
0x50	 14:08:09.850	0.5854	-0.6616	-0.6016	-11.4136	-2.8076	-35.1563	-139.2847	-37.8479	-167.1844	31.77
0x50	 14:08:09.860	0.5654	-0.6895	-0.4800	-11.7188	2.3193	-43.8232	-139.5758	-38.1006	-166.7834	31.76
0x50	 14:08:09.870	0.5933	-0.5786	-0.4863	-12.9395	7.0801	-55.8472	-139.8505	-38.4741	-166.3000	31.77
0x50	 14:08:09.880	0.6323	-0.4771	-0.5288	-14.7705	-2.8076	-71.0449	-140.3394	-38.9026	-165.5859	31.77
0x50	 14:08:09.889	0.6548	-0.4546	-0.5820	-15.9912	-13.6108	-79.5288	-141.0315	-39.3256	-164.6851	31.78
0x50	 14:08:09.900	0.6685	-0.4229	-0.6069	-15.4419	-19.5923	-80.0781	-141.8005	-39.6991	-163.7238	31.79
0x50	 14:08:09.910	0.6777	-0.4282	-0.5859	-15.5640	-20.7520	-78.6133	-142.6025	-40.0397	-162.7515	31.77
0x50	 14:08:09.920	0.6885	-0.4165	-0.6450	-15.3198	-19.8364	-76.9043	-143.3771	-40.3802	-161.7957	31.77
0x50	 14:08:09.930	0.7002	-0.3330	-0.7188	-13.4888	-24.2310	-79.6509	-144.2065	-40.6714	-160.7684	31.76
0x50	 14:08:09.940	0.7100	-0.2974	-0.7217	-10.8643	-22.3999	-84.5337	-145.1184	-40.9900	-159.6918	31.75
0x50	 14:08:09.950	0.6836	-0.2788	-0.6372	-9.1553	-9.3384	-82.8247	-145.9644	-41.3965	-158.7195	31.76
0x50	 14:08:09.960	0.6782	-0.2437	-0.4517	-9.0942	4.5776	-74.8291	-146.6785	-41.8799	-157.9285	31.76
0x50	 14:08:09.971	0.6987	-0.2935	-0.4980	-8.7891	10.5591	-64.1479	-147.2388	-42.4237	-157.2858	31.77
0x50	 14:08:09.980	0.7031	-0.3525	-0.6631	-8.4839	-5.9204	-51.8799	-147.7661	-42.7313	-156.6541	31.76
0x50	 14:08:10.013	0.6982	-0.3569	-0.6528	-8.3618	-22.7661	-45.6543	-148.3594	-42.7863	-155.9619	31.77
0x50	 14:08:10.013	0.7041	-0.3462	-0.6406	-7.8125	-19.5313	-45.3491	-148.9142	-42.8632	-155.2972	31.77
0x50	 14:08:10.013	0.7002	-0.3643	-0.6753	-8.2397	-14.8926	-45.4102	-149.4470	-42.9785	-154.6600	31.77
0x50	 14:08:10.019	0.7100	-0.3311	-0.6382	-8.9722	-13.1226	-44.8608	-149.9799	-43.0884	-154.0393	31.76
0x50	 14:08:10.029	0.7129	-0.3335	-0.6431	-8.3618	-7.9346	-46.6309	-150.4962	-43.2642	-153.4351	31.77
0x50	 14:08:10.039	0.7129	-0.3462	-0.6387	-7.5073	-7.0190	-47.0581	-151.0071	-43.4509	-152.8253	31.77
0x50	 14:08:10.049	0.7163	-0.3335	-0.6665	-5.8594	-6.7749	-47.9736	-151.4960	-43.6322	-152.1991	31.75
0x50	 14:08:10.059	0.7368	-0.1733	-0.7031	-4.5166	-7.2021	-50.9644	-152.0123	-43.8135	-151.5344	31.76
0x50	 14:08:10.069	0.7363	-0.1411	-0.6157	0.0000	-4.8828	-51.5137	-152.6056	-44.0222	-150.8698	31.76
0x50	 14:08:10.079	0.7319	-0.2295	-0.5938	0.9155	3.1738	-36.7432	-153.0396	-44.2749	-150.4358	31.77
0x50	 14:08:10.089	0.7339	-0.2554	-0.6636	-1.3428	2.6855	-18.0054	-153.2538	-44.4232	-150.2325	31.77
0x50	 14:08:10.100	0.7319	-0.2578	-0.6777	-0.4883	-2.6855	-9.4604	-153.4131	-44.4562	-150.0952	31.77
0x50	 14:08:10.110	0.7280	-0.2886	-0.6641	0.0000	0.7935	-5.1880	-153.5120	-44.4946	-150.0348	31.77
0x50	 14:08:10.119	0.7134	-0.3193	-0.6563	0.2441	6.6528	-1.8921	-153.5284	-44.5715	-150.0513	31.76
0x50	 14:08:10.129	0.7158	-0.3525	-0.6328	1.6479	11.1694	-0.6104	-153.4735	-44.6704	-150.1172	31.76
0x50	 14:08:10.139	0.7100	-0.3462	-0.6328	4.6997	14.7095	-2.1362	-153.3527	-44.8077	-150.1831	31.77
0x50	 14:08:10.149	0.7148	-0.3423	-0.6011	6.1035	15.4419	-6.4087	-153.2593	-44.9725	-150.1996	31.76
0x50	 14:08:10.160	0.7236	-0.3193	-0.6177	6.1035	16.6626	-9.4604	-153.1824	-45.1703	-150.1831	31.77
0x50	 14:08:10.192	0.7266	-0.2915	-0.5962	3.9673	14.5264	-10.7422	-153.1659	-45.3571	-150.1392	31.77
0x50	 14:08:10.192	0.7290	-0.2764	-0.5728	4.0894	14.2212	-10.6201	-153.1659	-45.5548	-150.1007	31.77
0x50	 14:08:10.192	0.7319	-0.2974	-0.5859	5.0049	12.3901	-8.7891	-153.1494	-45.7361	-150.0677	31.76
0x50	 14:08:10.200	0.7324	-0.3101	-0.6060	5.6763	7.7515	-5.7983	-153.1110	-45.8514	-150.0403	31.76
0x50	 14:08:10.209	0.7349	-0.3247	-0.6099	6.5308	3.9063	-4.5776	-153.0670	-45.9229	-150.0073	31.77
0x50	 14:08:10.219	0.7344	-0.3257	-0.6060	7.0190	2.1973	-4.9438	-153.0176	-45.9723	-149.9579	31.77
0x50	 14:08:10.229	0.7393	-0.3066	-0.6196	7.0190	1.1597	-6.8970	-152.9956	-46.0217	-149.8810	31.77
0x50	 14:08:10.239	0.7476	-0.2847	-0.6177	6.2866	0.3662	-8.9722	-153.0176	-46.0767	-149.7656	31.77
0x50	 14:08:10.249	0.7471	-0.2744	-0.6167	4.2725	1.6479	-9.1553	-153.0780	-46.1481	-149.6613	31.76
0x50	 14:08:10.259	0.7466	-0.2769	-0.6074	2.0142	2.9297	-7.6904	-153.1439	-46.2250	-149.5789	31.77
0x50	 14:08:10.270	0.7461	-0.2866	-0.6099	1.5259	3.4790	-5.6763	-153.1879	-46.3019	-149.5294	31.77
0x50	 14:08:10.279	0.7354	-0.3296	-0.6060	2.3804	2.8076	-4.0283	-153.2043	-46.3623	-149.4965	31.77
0x50	 14:08:10.289	0.7305	-0.3384	-0.5669	4.6997	2.1973	-3.4180	-153.1604	-46.4008	-149.4635	31.77
0x50	 14:08:10.299	0.7212	-0.3403	-0.5952	7.6904	1.4038	-5.5542	-153.0890	-46.4502	-149.4031	31.78
0x50	 14:08:10.309	0.7178	-0.3398	-0.5649	10.5591	-3.5400	-8.2397	-153.0505	-46.4557	-149.2712	31.77
0x50	 14:08:10.319	0.7266	-0.3369	-0.6040	12.7563	-4.8218	-9.8877	-152.9956	-46.4667	-149.1119	31.77
0x50	 14:08:10.329	0.7383	-0.3291	-0.6411	14.1602	-8.2397	-10.3149	-152.9736	-46.4447	-148.9252	31.77
0x50	 14:08:10.339	0.7432	-0.3389	-0.6396	12.6953	-8.7891	-10.5591	-152.9846	-46.4063	-148.7329	31.78
0x50	 14:08:10.349	0.7471	-0.3550	-0.6504	9.0942	-4.3335	-10.0708	-152.9956	-46.4063	-148.5736	31.78
0x50	 14:08:10.359	0.7393	-0.3525	-0.6382	4.3335	-0.7324	-10.7422	-153.0396	-46.4337	-148.4308	31.79
0x50	 14:08:10.369	0.7373	-0.3589	-0.6001	0.8545	2.9297	-14.3433	-153.1329	-46.5161	-148.2605	31.78
0x50	 14:08:10.379	0.7319	-0.3174	-0.5962	-0.3662	4.7607	-19.4702	-153.2538	-46.6479	-148.0408	31.78
0x50	 14:08:10.389	0.7354	-0.2827	-0.5474	-1.0986	2.9907	-25.2075	-153.4735	-46.7908	-147.7332	31.77
0x50	 14:08:10.423	0.7402	-0.2754	-0.5737	1.7090	1.5259	-27.5879	-153.7042	-46.9611	-147.3816	31.79
0x50	 14:08:10.423	0.7407	-0.3228	-0.5986	5.2490	-5.3101	-27.2217	-153.9404	-47.0544	-146.9916	31.77
0x50	 14:08:10.423	0.7397	-0.3662	-0.5786	6.1035	-9.9487	-27.2217	-154.1656	-47.0874	-146.5686	31.79
0x50	 14:08:10.429	0.7329	-0.3760	-0.5674	5.8594	-11.5356	-33.1421	-154.4128	-47.1313	-146.0577	31.77
0x50	 14:08:10.439	0.7344	-0.3672	-0.5933	7.0190	-15.5640	-44.5557	-154.7644	-47.1808	-145.3656	31.77
0x50	 14:08:10.449	0.7266	-0.4429	-0.6299	7.7515	-20.6299	-55.6641	-155.2533	-47.2247	-144.4977	31.78
0x50	 14:08:10.458	0.7300	-0.3364	-0.5669	8.1787	-21.9116	-66.2231	-155.8136	-47.2632	-143.4760	31.78
0x50	 14:08:10.469	0.7354	-0.2617	-0.6133	8.0566	-20.9961	-83.3130	-156.5717	-47.4170	-142.2290	31.78
0x50	 14:08:10.479	0.7393	-0.1582	-0.6348	6.0425	-27.0386	-88.9893	-157.5110	-47.5269	-140.8612	31.77
0x50	 14:08:10.489	0.7476	-0.1362	-0.5918	3.4790	-29.0527	-84.2285	-158.5272	-47.5873	-139.5428	31.77
0x50	 14:08:10.499	0.7500	-0.1904	-0.6440	1.5869	-26.5503	-69.0918	-159.3951	-47.6312	-138.4497	31.78
0x50	 14:08:10.509	0.7588	-0.2324	-0.6670	-0.5493	-28.2593	-52.1240	-160.0818	-47.5543	-137.5763	31.78
0x50	 14:08:10.519	0.7476	-0.2749	-0.6226	-4.5166	-25.8789	-42.4805	-160.6586	-47.4500	-136.8512	31.77
0x50	 14:08:10.529	0.7192	-0.3691	-0.5522	-11.1694	-20.5078	-40.8936	-161.2134	-47.3950	-136.1810	31.78
0x50	 14:08:10.539	0.6997	-0.4116	-0.5640	-16.2354	-21.2402	-49.1333	-161.8011	-47.3511	-135.3955	31.79
0x50	 14:08:10.548	0.6899	-0.2437	-0.5469	-15.1978	-31.7383	-72.6318	-162.6196	-47.2577	-134.2310	31.79
0x50	 14:08:10.560	0.7065	-0.1338	-0.6333	-11.7798	-43.0298	-101.0742	-163.8446	-47.1643	-132.6160	31.78
0x50	 14:08:10.568	0.7183	-0.1011	-0.6909	-10.6201	-55.4810	-108.9478	-165.2728	-46.9446	-130.8527	31.78
0x50	 14:08:10.599	0.7139	-0.0767	-0.7627	-15.7471	-60.1196	-100.7080	-166.6846	-46.6095	-129.1992	31.77
0x50	 14:08:10.600	0.7407	-0.0591	-0.7349	-14.7705	-57.7393	-91.7358	-167.9810	-46.2250	-127.7106	31.78
0x50	 14:08:10.600	0.7466	-0.0532	-0.7119	-14.5264	-46.5698	-81.7261	-169.1235	-45.9338	-126.4142	31.78
0x50	 14:08:10.608	0.7290	-0.0796	-0.6851	-14.2822	-38.6353	-70.5566	-170.1178	-45.6921	-125.3101	31.79
0x50	 14:08:10.618	0.7173	-0.1084	-0.6523	-14.0381	-35.7666	-62.8662	-170.9802	-45.4614	-124.3378	31.79
0x50	 14:08:10.628	0.7100	-0.1001	-0.6426	-16.6016	-35.5835	-60.3638	-171.7932	-45.2252	-123.4094	31.78
0x50	 14:08:10.638	0.7002	-0.0654	-0.7275	-21.5454	-40.7715	-62.3169	-172.6776	-44.9341	-122.4481	31.78
0x50	 14:08:10.648	0.7021	-0.0420	-0.7295	-23.7427	-46.9971	-64.3311	-173.6224	-44.5441	-121.4648	31.77
0x50	 14:08:10.659	0.6875	-0.0645	-0.7222	-25.8179	-43.3960	-62.4390	-174.5618	-44.1760	-120.5255	31.76
0x50	 14:08:10.668	0.6680	-0.1035	-0.7324	-27.0996	-40.0391	-57.3730	-175.4187	-43.8300	-119.6741	31.77
0x50	 14:08:10.678	0.6763	-0.0796	-0.7798	-27.9541	-38.6963	-56.1523	-176.2207	-43.4729	-118.8556	31.79
0x50	 14:08:10.688	0.6851	-0.0400	-0.8125	-28.0762	-38.0249	-60.9131	-177.0721	-43.1104	-117.9877	31.80
0x50	 14:08:10.699	0.6934	0.0171	-0.7944	-28.1372	-33.8745	-65.3076	-177.9730	-42.7808	-117.0703	31.78
0x50	 14:08:10.708	0.7061	0.0400	-0.8096	-29.0527	-26.4893	-67.7490	-175.3198	-42.5281	-116.1310	31.78
0x50	 14:08:10.718	0.6860	0.0024	-0.6777	-26.7944	-21.6675	-67.3218	-172.6886	-42.3523	-115.1971	31.79
0x50	 14:08:10.728	0.6719	-0.0332	-0.6372	-23.6206	-14.6484	-69.2749	-170.0354	-42.3248	-114.2413	31.80
0x50	 14:08:10.738	0.6772	0.0435	-0.7290	-19.3481	-21.8506	-78.1250	-171.0242	-42.2864	-113.1537	31.79
0x50	 14:08:10.748	0.6465	0.0503	-0.7144	-18.2495	-35.2173	-88.6841	-168.5632	-42.0886	-111.8903	31.79
0x50	 14:08:10.758	0.6519	0.1240	-0.8340	-22.2778	-35.7666	-87.9517	-166.1737	-41.9128	-110.6378	31.79
0x50	 14:08:10.768	0.6567	0.1504	-0.7378	-18.6768	-34.7290	-86.5479	-163.8007	-41.7426	-109.3964	31.78
0x50	 14:08:10.778	0.6519	0.1348	-0.7598	-19.6533	-22.1558	-79.1016	-161.4001	-41.7426	-108.2922	31.79
0x50	 14:08:10.788	0.6572	0.1592	-0.8086	-19.8364	-21.3013	-70.0073	-158.9282	-41.7480	-107.3145	31.79
0x50	 14:08:10.798	0.6641	0.1538	-0.8335	-19.8975	-21.4844	-65.6128	-156.4563	-41.7535	-106.3916	31.80
0x50	 14:08:10.832	0.6567	0.1538	-0.8320	-19.4092	-17.6392	-60.6079	-153.9404	-41.7920	-105.5511	31.80
0x50	 14:08:10.832	0.6582	0.1558	-0.7681	-20.9961	-11.5967	-56.2744	-151.4081	-41.8964	-104.8041	31.79
0x50	 14:08:10.832	0.6333	0.1455	-0.7202	-22.2168	-5.7983	-53.2227	-148.8702	-42.0776	-104.1394	31.79
0x50	 14:08:10.837	0.6245	0.1523	-0.7207	-21.6064	-7.5073	-51.5747	-146.3379	-42.2644	-103.4912	31.80
0x50	 14:08:10.847	0.6187	0.1372	-0.6680	-18.2495	-14.2212	-51.2085	-143.8275	-42.4127	-102.8101	31.81
0x50	 14:08:10.858	0.6309	0.2090	-0.7456	-17.7002	-18.9209	-52.0630	-141.3611	-42.5610	-102.0905	31.81
0x50	 14:08:10.868	0.6353	0.2725	-0.8115	-16.3574	-29.8462	-57.3730	-139.0430	-42.6544	-101.2280	31.80
0x50	 14:08:10.877	0.6348	0.2710	-0.8037	-16.8457	-31.7993	-55.8472	-136.7798	-42.7148	-100.3711	31.79
0x50	 14:08:10.889	0.6328	0.2305	-0.8135	-17.5171	-24.3530	-46.5698	-134.4342	-42.7972	-99.6790	31.79
0x50	 14:08:10.897	0.6406	0.2236	-0.8354	-19.0430	-18.6768	-37.7808	-132.0007	-42.8741	-99.1406	31.79
0x50	 14:08:10.908	0.6284	0.1514	-0.8682	-20.9351	-14.6484	-33.8745	-129.5508	-42.9620	-98.6792	31.78
0x50	 14:08:10.917	0.6191	0.1230	-0.7866	-20.6909	-11.1694	-31.9214	-127.0239	-43.0609	-98.2837	31.79
0x50	 14:08:10.927	0.6162	0.1909	-0.7388	-22.2778	-4.6997	-37.1094	-124.5026	-43.2751	-97.9266	31.80
0x50	 14:08:10.937	0.5767	0.2510	-0.7354	-24.7803	-7.8125	-43.8232	-122.1405	-43.5443	-97.4982	31.81
0x50	 14:08:10.947	0.4775	0.4126	-1.0132	-26.7944	-16.0522	-41.0156	-119.9048	-43.7366	-97.0093	31.80
0x50	 14:08:10.957	0.6646	0.2065	-0.2622	-28.7476	-7.3242	-34.3628	-117.6361	-43.7915	-96.6852	31.79
0x50	 14:08:10.970	0.5815	0.3472	-1.1157	-35.9497	27.0996	-21.5454	-115.2631	-44.3024	-96.8774	31.79
0x50	 14:08:10.978	0.6099	0.2979	-0.5249	-17.0898	-31.4331	-32.2266	-113.0603	-44.2804	-96.2897	31.79
0x50	 14:08:11.011	0.5811	0.2769	-0.7598	-23.0103	5.5542	-25.3296	-110.7037	-44.5386	-96.2238	31.79
0x50	 14:08:11.011	0.6045	0.2974	-0.9092	-15.6860	-15.5029	-26.2451	-108.3801	-44.6429	-95.8887	31.79
0x50	 14:08:11.011	0.6201	0.2329	-0.7505	-12.7563	-19.6533	-28.1982	-106.0730	-44.7198	-95.5042	31.79
0x50	 14:08:11.017	0.6021	0.2129	-0.8657	-15.7471	-3.1738	-23.3154	-103.6340	-44.8682	-95.3668	31.79
0x50	 14:08:11.028	0.6011	0.2207	-0.7627	-15.3809	-10.3149	-23.8037	-101.2445	-44.9670	-95.1471	31.79
0x50	 14:08:11.037	0.5854	0.2485	-0.7793	-20.1416	-5.5542	-25.7568	-98.8934	-45.1263	-94.9988	31.79
0x50	 14:08:11.047	0.5771	0.2891	-0.7598	-22.8882	-10.4980	-27.2217	-96.6522	-45.2802	-94.7900	31.81
0x50	 14:08:11.057	0.5801	0.3647	-0.7642	-25.0854	-14.7705	-27.8320	-94.5209	-45.4395	-94.5374	31.80
0x50	 14:08:11.068	0.5889	0.3999	-0.7627	-23.9868	-17.3340	-26.9775	-92.4664	-45.5823	-94.2627	31.80
0x50	 14:08:11.078	0.5874	0.3931	-0.8174	-17.7002	-16.9678	-21.4233	-90.3735	-45.6757	-94.0045	31.80
0x50	 14:08:11.087	0.5879	0.3726	-0.8604	-11.1084	-17.9443	-14.4043	-88.2202	-45.6921	-93.7463	31.80
0x50	 14:08:11.097	0.5786	0.3311	-0.8428	-7.9956	-15.0146	-8.6670	-86.0010	-45.6427	-93.5376	31.80
0x50	 14:08:11.107	0.5713	0.2993	-0.8477	-7.2021	-9.0332	-4.6387	-83.7158	-45.5658	-93.4113	31.82
0x50	 14:08:11.118	0.5737	0.3203	-0.8901	-6.9580	-5.7983	-3.5400	-81.3922	-45.4779	-93.3344	31.80
0x50	 14:08:11.128	0.5767	0.3457	-0.8833	-6.9580	-2.3804	-3.6011	-79.0631	-45.3735	-93.3124	31.79
0x50	 14:08:11.137	0.5854	0.3457	-0.8584	-8.2397	6.4087	-1.5259	-76.7065	-45.2362	-93.4058	31.79
0x50	 14:08:11.147	0.5850	0.3301	-0.8325	-10.1929	14.9536	2.0142	-74.3170	-45.0494	-93.6035	31.79
0x50	 14:08:11.157	0.5854	0.3281	-0.8198	-13.0005	20.7520	4.6997	-71.9330	-44.8297	-93.8672	31.79
0x50	 14:08:11.167	0.5864	0.3306	-0.8228	-18.1885	24.7192	5.7373	-69.5984	-44.5880	-94.1748	31.81
0x50	 14:08:11.177	0.5791	0.3374	-0.7578	-24.4141	28.9307	6.7749	-67.3187	-44.3134	-94.5209	31.81
0x50	 14:08:11.187	0.5811	0.3433	-0.7466	-30.5786	35.5225	8.3008	-65.1050	-44.0112	-94.9384	31.80
0x50	 14:08:11.198	0.6646	0.4268	-0.7676	-35.2783	36.5601	10.6812	-62.9736	-43.6761	-95.3339	31.80
0x50	 14:08:11.207	0.6182	0.2866	-0.6387	-38.9404	36.0107	14.2822	-60.9796	-43.3191	-95.6909	31.80
0x50	 14:08:11.239	0.6104	0.3062	-0.7920	-30.8228	38.3301	23.2544	-58.9087	-42.9181	-95.9930	31.80
0x50	 14:08:11.239	0.6118	0.3086	-0.7891	-27.5879	27.0386	20.9351	-56.8927	-42.5281	-96.1633	31.79
0x50	 14:08:11.240	0.6128	0.3076	-0.7617	-28.1982	28.8696	17.5781	-54.8822	-42.1600	-96.3611	31.79
0x50	 14:08:11.247	0.6123	0.2861	-0.7212	-29.4189	31.0059	15.8081	-52.8992	-41.8030	-96.5808	31.80
0x50	 14:08:11.257	0.6211	0.3369	-0.8008	-30.6396	32.0435	16.3574	-50.9491	-41.4459	-96.7896	31.80
0x50	 14:08:11.266	0.6182	0.3682	-0.7827	-32.4707	30.3955	14.7705	-49.0649	-41.0834	-96.9818	31.81
0x50	 14:08:11.276	0.6465	0.4155	-0.7856	-35.8887	36.8042	16.1133	-47.2357	-40.6714	-97.2125	31.79
0x50	 14:08:11.286	0.6729	0.4829	-0.8931	-42.9077	45.4712	20.5078	-45.4999	-40.1660	-97.4652	31.80
0x50	 14:08:11.296	0.6343	0.4360	-0.8428	-49.8047	53.7720	27.9541	-43.8629	-39.5343	-97.7124	31.80
0x50	 14:08:11.307	0.6206	0.3423	-0.7266	-57.2510	75.1953	41.6260	-42.2864	-38.6499	-97.9980	31.82
0x50	 14:08:11.316	0.6577	0.3105	-0.5801	-72.0215	95.0317	52.4902	-40.8307	-37.5952	-98.3221	31.81
0x50	 14:08:11.328	0.7041	0.3237	-0.5186	-76.9043	99.6094	52.5513	-39.4684	-36.5845	-98.6407	31.80
0x50	 14:08:11.336	0.7051	0.3535	-0.5215	-69.5190	88.0127	46.1426	-38.1335	-35.7440	-98.8934	31.81
0x50	 14:08:11.347	0.7104	0.3818	-0.6001	-51.2695	69.2749	39.4897	-36.7163	-35.0903	-99.0363	31.80
0x50	 14:08:11.357	0.7515	0.4390	-0.5771	-38.4521	53.8940	38.3301	-35.2441	-34.5355	-99.0582	31.80
0x50	 14:08:11.366	0.7598	0.4575	-0.5840	-32.5317	53.0396	42.4194	-33.8159	-33.9807	-99.0088	31.79
0x50	 14:08:11.376	0.8052	0.4941	-0.6826	-24.2310	50.2319	51.0254	-32.3932	-33.4039	-98.8330	31.80
0x50	 14:08:11.386	0.7607	0.4839	-0.8159	-10.8643	45.0439	59.4482	-30.9045	-32.8107	-98.5199	31.82
0x50	 14:08:11.422	0.7388	0.4741	-0.7690	-6.7749	49.4385	71.1060	-29.3994	-32.0911	-98.0969	31.82
0x50	 14:08:11.423	0.7153	0.4404	-0.5947	-15.3809	70.9229	83.6182	-28.0096	-31.1462	-97.6465	31.82
0x50	 14:08:11.423	0.7524	0.3511	-0.5024	-29.8462	91.9189	98.1445	-26.8506	-30.0146	-97.1411	31.82
0x50	 14:08:11.426	0.7266	0.2451	-0.4653	-38.8794	94.3604	112.7930	-25.8508	-28.8831	-96.4709	31.81
0x50	 14:08:11.436	0.7969	0.1426	-0.4683	-44.1284	87.0972	121.7041	-24.8950	-27.8339	-95.6525	31.80
0x50	 14:08:11.446	0.8506	0.1045	-0.4097	-46.3867	77.7588	120.6055	-23.8733	-26.9385	-94.7845	31.80
0x50	 14:08:11.456	0.8662	0.0713	-0.4229	-41.4429	69.8853	109.9243	-22.7527	-26.2354	-93.9771	31.80
0x50	 14:08:11.466	0.8779	0.2021	-0.5083	-27.0386	57.7393	95.1538	-21.4069	-25.7190	-93.2465	31.79
0x50	 14:08:11.476	0.8228	0.3354	-0.6567	-8.4839	44.1284	76.0498	-19.9567	-25.3564	-92.6422	31.81
0x50	 14:08:11.486	0.8706	0.4790	-0.7319	7.6904	39.9780	67.5049	-18.3856	-24.9884	-92.0874	31.82
0x50	 14:08:11.496	0.8311	0.3999	-0.7554	1.0376	57.5562	78.1860	-16.9794	-24.4006	-91.4722	31.81
0x50	 14:08:11.506	0.7671	0.3711	-0.7158	-19.0430	90.0269	110.8398	-15.8368	-23.4283	-90.5933	31.80
0x50	 14:08:11.516	0.8052	0.2495	-0.5889	-38.0859	127.3804	140.0146	-14.9579	-22.0331	-89.5056	31.80
0x50	 14:08:11.526	0.8193	0.0972	-0.3892	-57.9224	160.4004	162.1094	-14.2712	-20.3851	-88.2642	31.81
0x50	 14:08:11.536	0.8433	-0.0347	-0.1943	-62.8662	179.2603	172.8516	-13.5461	-18.6768	-86.9458	31.81
0x50	 14:08:11.546	0.8872	-0.1274	-0.1138	-60.4248	177.5513	169.7388	-16.1224	-17.1552	-85.6439	31.82
0x50	 14:08:11.556	0.9668	-0.1563	-0.2109	-61.8286	153.4424	155.6396	-18.2153	-15.8917	-84.5288	31.82
0x50	 14:08:11.566	0.9775	-0.1602	-0.1592	-46.5088	119.3848	131.7139	-20.1764	-14.9469	-83.6115	31.82
0x50	 14:08:11.576	1.0166	-0.0205	-0.1792	-32.7759	102.8442	107.9712	-21.8243	-14.2438	-82.9303	31.82
0x50	 14:08:11.586	0.9331	0.0088	-0.2720	-18.2495	86.8530	84.2896	-23.6371	-13.7933	-82.4579	31.82
0x50	 14:08:11.596	0.8789	0.2017	-0.3149	-9.8877	74.3408	75.9888	-21.8134	-13.4198	-82.0459	31.81
0x50	 14:08:11.606	1.2627	0.0264	-0.5039	-9.4604	74.8291	75.0122	-20.3137	-12.9913	-81.6174	31.81
0x50	 14:08:11.616	0.8369	0.0215	-0.4326	-26.9775	77.6367	93.9331	-18.7482	-12.4969	-80.9912	31.81
0x50	 14:08:11.653	0.8838	0.0649	-0.1929	-15.5029	97.4121	100.3418	-17.0782	-11.7664	-80.3375	31.81
0x50	 14:08:11.653	0.8965	0.1201	-0.2500	35.2783	117.1875	83.7402	-15.0403	-11.0687	-79.8706	31.82
0x50	 14:08:11.653	0.8740	-0.1567	-0.0908	23.1934	112.0605	85.8154	-13.2220	-10.3986	-79.3213	31.80
0x50	 14:08:11.656	1.0103	-0.3389	0.0283	-14.7705	119.4458	103.6377	-14.5679	-9.6899	-78.5742	31.81
0x50	 14:08:11.666	0.9858	-0.2725	-0.0923	-29.6021	112.7319	103.5156	-15.6885	-8.9703	-77.8491	31.82
0x50	 14:08:11.676	0.9565	-0.3354	-0.0234	-22.5830	90.6982	86.6089	-16.9354	-8.5199	-77.2504	31.82
0x50	 14:08:11.685	0.9258	-0.2139	0.0005	-17.4561	84.9609	70.6787	-17.9407	-8.1354	-76.8164	31.81
0x50	 14:08:11.697	0.9341	-0.1187	-0.0283	-10.9863	77.6367	50.4761	-18.8031	-7.9376	-76.5747	31.83
0x50	 14:08:11.705	0.9429	-0.1284	-0.0049	0.2441	70.8008	40.5273	-19.6710	-7.8937	-76.4154	31.82
0x50	 14:08:11.716	0.9839	-0.1665	0.0205	7.7515	70.3735	40.8936	-20.3412	-7.8442	-76.2671	31.82
0x50	 14:08:11.725	1.1006	-0.3184	-0.0283	8.5449	66.5283	40.4663	-20.9015	-7.8113	-76.1188	31.83
0x50	 14:08:11.736	0.9365	-0.0332	-0.1299	19.5313	55.7861	31.5552	-21.4618	-7.8442	-76.0199	31.82
0x50	 14:08:11.745	0.9976	-0.1216	-0.1372	31.3110	45.9595	11.7798	-22.5879	-8.1189	-76.0803	31.82
0x50	 14:08:11.756	0.9404	-0.2056	-0.1636	28.9917	50.7813	16.7236	-23.4503	-8.3057	-76.1243	31.80
0x50	 14:08:11.765	0.9063	-0.2471	-0.0400	14.9536	56.8237	18.8599	-24.3457	-8.3771	-76.1737	31.80
0x50	 14:08:11.776	0.9014	-0.2383	0.0552	4.9438	67.5659	14.6484	-25.0269	-8.3716	-76.3220	31.82
0x50	 14:08:11.786	0.8994	-0.1748	0.1084	-1.4648	68.7866	6.4697	-25.5267	-8.3936	-76.5582	31.82
0x50	 14:08:11.796	0.9092	-0.1616	0.0845	-4.6997	61.9507	-0.2441	-25.8618	-8.5309	-76.8274	31.81
0x50	 14:08:11.831	0.9375	-0.1509	0.0791	-3.9673	52.1851	-2.0142	-26.2299	-8.7726	-77.0801	31.82
0x50	 14:08:11.831	0.9907	-0.1743	0.0591	-4.0283	44.8608	-1.0376	-26.5979	-9.0912	-77.2888	31.82
0x50	 14:08:11.831	1.0308	-0.1763	0.0474	0.0000	40.1611	0.0000	-27.0154	-9.4373	-77.4701	31.81
0x50	 14:08:11.835	1.0708	-0.2192	-0.0117	7.4463	36.3770	-1.7700	-27.3889	-9.8328	-77.6514	31.82
0x50	 14:08:11.846	0.9932	-0.1987	-0.0483	10.2539	32.7759	-5.5542	-27.9108	-10.2557	-77.8546	31.82
0x50	 14:08:11.855	0.9946	-0.2588	0.1055	9.4604	36.4990	-13.2446	-28.5260	-10.6787	-78.1512	31.82
0x50	 14:08:11.865	0.8921	-0.3140	0.0757	10.0098	47.1802	-17.1509	-28.7457	-10.9863	-78.5303	31.82
0x50	 14:08:11.877	0.8618	-0.1831	0.1318	14.8315	40.2222	-28.1372	-28.9929	-11.3654	-78.9807	31.82
0x50	 14:08:11.886	0.9009	-0.1958	0.0918	28.8696	33.7524	-46.2036	-28.8446	-11.9312	-79.5575	31.84
0x50	 14:08:11.895	0.8970	0.0063	-0.0645	19.2261	24.4751	-48.8892	-28.9050	-12.6013	-80.1178	31.82
0x50	 14:08:11.905	0.9771	-0.0176	-0.0317	11.5356	18.0054	-48.2178	-26.6418	-13.4143	-80.6396	31.82
0x50	 14:08:11.915	1.0566	-0.0850	0.1563	5.7373	39.1846	-32.7759	-27.7185	-13.9581	-81.1230	31.83
0x50	 14:08:11.925	1.1299	-0.1943	-0.0605	6.2256	58.8379	-18.6157	-27.5592	-14.1943	-81.5735	31.82
0x50	 14:08:11.935	1.0063	0.0571	-0.1099	8.5449	54.3823	-17.5171	-28.1689	-14.4525	-81.9910	31.82
0x50	 14:08:11.945	0.9917	-0.0630	0.0264	41.6870	63.7207	-29.4189	-25.8069	-14.7217	-82.5732	31.81
0x50	 14:08:11.955	0.8003	0.0200	0.1533	53.5278	88.1958	-24.9023	-25.5322	-14.7601	-83.1995	31.83
0x50	 14:08:11.965	0.9766	-0.1431	0.4370	49.1333	94.2383	-24.4141	-24.5544	-14.6667	-83.8477	31.82
0x50	 14:08:11.975	0.9897	-0.0977	0.3979	20.0806	98.2056	-15.8691	-24.1479	-14.3481	-84.4189	31.82
0x50	 14:08:12.013	0.9971	-0.0923	0.2031	2.4414	70.1294	-18.1885	-23.9063	-14.3207	-84.8859	31.82
0x50	 14:08:12.014	1.0186	-0.0737	0.2080	1.6479	42.1753	-24.8413	-23.7909	-14.6667	-85.2979	31.82
0x50	 14:08:12.014	1.0356	-0.1553	0.2334	2.2583	38.5132	-27.9541	-23.6206	-15.0623	-85.7208	31.82
0x50	 14:08:12.015	0.9985	-0.0811	0.2871	6.1035	36.4380	-28.6865	-23.5492	-15.4468	-86.1438	31.82
0x50	 14:08:12.025	0.9614	0.1128	0.1128	12.2681	31.5552	-34.1797	-23.2306	-15.8752	-86.5997	31.83
0x50	 14:08:12.035	1.1826	-0.0518	-0.1211	4.6997	23.6816	-31.9214	-22.3956	-16.4301	-87.0062	31.83
0x50	 14:08:12.046	1.1040	0.3438	-0.1763	6.3477	43.3960	-15.3809	-23.5876	-16.7651	-87.3248	31.83
0x50	 14:08:12.055	0.9604	0.3018	-0.1064	43.0908	75.0122	-11.5356	-21.6321	-16.6718	-87.7478	31.82
0x50	 14:08:12.065	0.7642	0.2085	0.2515	100.2197	105.4077	5.4932	-19.2261	-16.2323	-88.0994	31.82
0x50	 14:08:12.075	0.6528	0.1650	0.3823	80.9326	140.5640	32.1045	-17.7924	-15.3204	-88.2697	31.83
0x50	 14:08:12.085	0.9517	0.0718	0.3369	43.7622	147.5220	57.2510	-16.9739	-14.1779	-88.1708	31.84
0x50	 14:08:12.095	0.9497	-0.2056	0.6206	41.0156	143.0664	79.4678	-16.3641	-13.1506	-87.8192	31.83
0x50	 14:08:12.105	0.9219	-0.3184	0.5986	45.6543	147.8882	95.9473	-16.0455	-11.9037	-87.2974	31.83
0x50	 14:08:12.115	0.9302	-0.3374	0.5522	50.4150	121.0938	83.6182	-15.7654	-10.9424	-86.8195	31.83
0x50	 14:08:12.125	0.9346	-0.2900	0.5825	52.5513	96.1304	60.7300	-15.4633	-10.3052	-86.4899	31.83
0x50	 14:08:12.135	0.8955	-0.1826	0.5366	45.1660	80.3833	38.4521	-15.1556	-9.8822	-86.3306	31.82
0x50	 14:08:12.145	0.8989	-0.0205	0.3691	44.4946	61.8896	19.5923	-14.7546	-9.7174	-86.3031	31.82
0x50	 14:08:12.156	0.9717	-0.0649	0.3472	42.7856	47.8516	9.2773	-14.2108	-9.8163	-86.3361	31.83
0x50	 14:08:12.165	0.8145	0.0923	0.3398	45.4102	50.5981	12.5732	-13.7219	-9.9042	-86.3416	31.82
0x50	 14:08:12.175	0.8550	-0.0444	0.4839	74.4629	49.0112	12.1460	-12.7002	-9.9701	-86.3361	31.83
0x50	 14:08:12.184	0.8608	-0.0513	0.4395	72.5708	55.9082	21.7896	-11.9202	-9.8877	-86.2482	31.84
0x50	 14:08:12.195	0.8984	0.0547	0.2427	38.6963	53.6499	27.6489	-11.5137	-9.8383	-86.0834	31.82
0x50	 14:08:12.216	0.9043	0.0229	0.3433	16.6626	52.6123	29.1138	-11.1346	-9.9207	-85.9021	31.83
0x50	 14:08:12.216	0.8838	-0.0449	0.4756	8.3008	75.3174	42.5415	-10.9534	-9.7009	-85.6274	31.83
0x50	 14:08:12.231	0.9058	-0.0996	0.5249	9.1553	91.9800	52.3071	-10.8600	-9.2285	-85.2814	31.84
0x50	 14:08:12.259	0.7798	0.0244	0.5127	14.8926	95.3369	55.4199	-10.7721	-8.7012	-84.9133	31.83
0x50	 14:08:12.260	0.7925	-0.0923	0.6689	51.3306	84.9609	54.5044	-10.1843	-8.2507	-84.5288	31.83
0x50	 14:08:12.260	0.8423	-0.1099	0.6343	36.3770	89.0503	65.6738	-9.8712	-7.6849	-84.0399	31.84
0x50	 14:08:12.264	0.8638	-0.1157	0.5703	24.8413	79.1016	71.4111	-9.7009	-7.2400	-83.4631	31.83
0x50	 14:08:12.274	0.8667	-0.1245	0.5981	29.1748	67.1387	69.3359	-9.5032	-6.9543	-82.8918	31.83
0x50	 14:08:12.285	0.7900	-0.1230	0.5752	31.1890	66.8945	68.6646	-9.2834	-6.6687	-82.3206	31.83
0x50	 14:08:12.294	0.7715	-0.1875	0.6304	41.1987	61.5234	66.8945	-8.9703	-6.4270	-81.7548	31.83
0x50	 14:08:12.305	0.7607	-0.2310	0.6826	33.5693	60.1807	65.6128	-8.7781	-6.1688	-81.1945	31.83
0x50	 14:08:12.316	0.7354	-0.1597	0.5239	19.2261	54.9316	61.4624	-8.7396	-5.9436	-80.6671	31.84
0x50	 14:08:12.325	0.7163	-0.1152	0.4204	11.7798	41.1377	53.3447	-8.7561	-5.9326	-80.2002	31.84
0x50	 14:08:12.334	0.7280	-0.1294	0.5088	6.2256	44.4336	53.6499	-8.8055	-5.9436	-79.7388	31.83
0x50	 14:08:12.344	0.7705	-0.2363	0.6479	5.1270	63.6597	61.7676	-8.8605	-5.7129	-79.2224	31.83
0x50	 14:08:12.355	0.8901	-0.3413	0.6689	8.1177	75.0732	68.2983	-8.9484	-5.3009	-78.6621	31.84
0x50	 14:08:12.364	0.7681	-0.2529	0.5518	12.4512	70.6787	63.1104	-9.0527	-4.9548	-78.1458	31.83
0x50	 14:08:12.374	0.6245	-0.2710	0.6455	48.7671	55.4810	49.8047	-8.7616	-4.8010	-77.7393	31.84
0x50	 14:08:12.384	0.7173	-0.3423	0.8364	61.5845	59.8145	49.0723	-8.3221	-4.5154	-77.3438	31.83
0x50	 14:08:12.394	0.7246	-0.2100	0.6167	30.7007	71.8384	51.2085	-8.1903	-4.0759	-76.9373	31.82
0x50	 14:08:12.404	0.7065	-0.1592	0.6465	20.6909	53.8330	38.8184	-8.1134	-3.9331	-76.6296	31.83
0x50	 14:08:12.440	0.6968	-0.2266	0.7173	18.0054	57.3120	38.6353	-8.0145	-3.7463	-76.3275	31.84
0x50	 14:08:12.441	0.6733	-0.2466	0.7490	13.8550	60.4858	43.0908	-7.9926	-3.4827	-75.9869	31.84
0x50	 14:08:12.441	0.6494	-0.2388	0.7739	10.6201	55.3589	42.4805	-8.0145	-3.2520	-75.6409	31.82
0x50	 14:08:12.444	0.6748	-0.2310	0.7510	13.1226	46.9360	38.7573	-7.9926	-3.0927	-75.3223	31.83
0x50	 14:08:12.454	0.7065	-0.1997	0.6699	16.5405	36.2549	34.3628	-7.9321	-3.0652	-75.0311	31.84
0x50	 14:08:12.464	0.6895	-0.2046	0.6416	19.2871	30.0903	31.6772	-7.8442	-3.1531	-74.7620	31.83
0x50	 14:08:12.474	0.6558	-0.2192	0.6724	19.2871	37.0483	32.2876	-7.7673	-3.1696	-74.4873	31.84
0x50	 14:08:12.484	0.7773	-0.2817	0.6763	15.0757	46.2646	35.8887	-7.7344	-3.0652	-74.1962	31.84
0x50	 14:08:12.494	0.5703	-0.1128	0.6318	15.1978	48.8281	37.6587	-7.7509	-2.9718	-73.8885	31.84
0x50	 14:08:12.504	0.6167	-0.2837	0.8711	30.6396	44.4946	37.4146	-7.4872	-2.8729	-73.5754	31.84
0x50	 14:08:12.514	0.6543	-0.2695	0.8052	16.3574	55.1147	46.4478	-7.4487	-2.5818	-73.1854	31.85
0x50	 14:08:12.524	0.6548	-0.2139	0.7549	-1.1597	44.0063	41.8701	-7.5861	-2.4445	-72.8284	31.85
0x50	 14:08:12.534	0.6372	-0.2222	0.7695	-9.7046	35.5835	37.0483	-7.7783	-2.4225	-72.5098	31.84
0x50	 14:08:12.544	0.6411	-0.2256	0.7573	-10.9863	36.2549	38.0249	-7.9871	-2.3785	-72.1802	31.83
0x50	 14:08:12.554	0.6279	-0.2041	0.7266	-7.4463	35.2173	36.9263	-8.1573	-2.3456	-71.8616	31.84
0x50	 14:08:12.564	0.6035	-0.2041	0.7192	-6.2866	35.7666	35.3394	-8.3057	-2.3236	-71.5649	31.86
0x50	 14:08:12.574	0.5977	-0.2231	0.7095	-5.9814	39.9780	37.2314	-8.4540	-2.2412	-71.2518	31.85
0x50	 14:08:12.584	0.5811	-0.2065	0.7520	-6.0425	45.4712	39.5508	-8.6188	-2.1039	-70.9277	31.84
0x50	 14:08:12.621	0.5669	-0.2573	0.7817	-5.9814	51.7578	41.4429	-8.7561	-1.8842	-70.5981	31.84
0x50	 14:08:12.622	0.5625	-0.3101	0.8081	-1.0376	54.6265	48.4619	-8.8715	-1.6040	-70.2026	31.84
0x50	 14:08:12.622	0.5679	-0.3232	0.8071	3.9673	52.2461	54.0161	-8.9703	-1.3239	-69.7467	31.84
0x50	 14:08:12.624	0.5693	-0.3354	0.8276	2.8687	47.0581	53.7109	-9.0802	-1.0986	-69.2908	31.84
0x50	 14:08:12.634	0.5596	-0.3037	0.8291	-2.2583	42.1143	50.5981	-9.2395	-0.9229	-68.8568	31.84
0x50	 14:08:12.644	0.5405	-0.2842	0.8335	-7.8125	35.2783	45.1660	-9.4318	-0.8185	-68.4668	31.84
0x50	 14:08:12.654	0.5313	-0.2944	0.8477	-7.6294	29.3579	41.0767	-9.6075	-0.7745	-68.1097	31.85
0x50	 14:08:12.663	0.5244	-0.2715	0.7451	-1.7700	23.3765	38.8184	-9.7229	-0.7800	-67.7692	31.86
0x50	 14:08:12.674	0.4941	-0.2432	0.7793	2.7466	17.0288	33.2642	-9.8053	-0.8844	-67.4670	31.86
0x50	 14:08:12.684	0.6240	-0.2998	0.7749	7.6294	21.7285	31.3110	-9.8053	-0.9229	-67.1979	31.85
0x50	 14:08:12.698	0.4336	-0.2749	0.5103	31.0669	18.1885	38.4521	-9.6185	-1.0437	-66.8463	31.86
0x50	 14:08:12.703	0.3721	-0.4087	0.8877	81.7261	8.9111	51.6357	-9.0033	-1.2250	-66.3519	31.85
0x50	 14:08:12.713	0.4248	-0.3931	0.8730	80.4443	37.8418	56.4575	-8.3771	-0.9668	-65.8575	31.85
0x50	 14:08:12.724	0.4180	-0.2656	0.6772	49.0112	31.9824	43.1519	-8.0585	-0.8185	-65.4730	31.85
0x50	 14:08:12.735	0.4341	-0.3491	0.8315	33.3252	21.1792	31.4941	-7.8662	-0.8569	-65.1929	31.85
0x50	 14:08:12.744	0.4771	-0.3799	0.8701	28.0151	35.8276	31.4331	-7.7399	-0.7141	-64.9292	31.85
0x50	 14:08:12.754	0.4629	-0.3730	0.9326	13.9160	39.3066	26.7944	-7.7618	-0.5493	-64.7205	31.85
0x50	 14:08:12.763	0.4502	-0.3110	0.9038	7.8735	33.9355	17.1509	-7.8278	-0.4395	-64.5941	31.85
0x50	 14:08:12.774	0.4492	-0.2690	0.8457	7.8735	21.1792	8.1787	-7.8607	-0.4669	-64.5447	31.85
0x50	 14:08:12.784	0.4604	-0.2471	0.8257	11.5356	8.4839	1.8311	-7.8442	-0.6427	-64.5337	31.84
0x50	 14:08:12.794	0.4819	-0.2090	0.7773	14.7095	3.9063	-0.2441	-7.7893	-0.8789	-64.5447	31.85
0x50	 14:08:12.803	0.5527	-0.2681	0.7891	16.2964	3.9673	0.9155	-7.6959	-1.1426	-64.5392	31.85
0x50	 14:08:12.813	0.4951	-0.3271	0.8037	19.5923	11.0474	7.0801	-7.6135	-1.3458	-64.4843	31.85
0x50	 14:08:12.823	0.4707	-0.3564	0.9224	36.9873	13.0615	19.7754	-7.3993	-1.4777	-64.3030	31.86
0x50	 14:08:12.852	0.4063	-0.3037	0.8628	17.9443	15.2588	27.5269	-7.3663	-1.5326	-64.0503	31.85
0x50	 14:08:12.852	0.3789	-0.2905	0.8291	5.0659	8.9111	24.8413	-7.4432	-1.6370	-63.8196	31.85
0x50	 14:08:12.853	0.4004	-0.3018	0.8740	0.9155	7.6294	17.9443	-7.5586	-1.7578	-63.6493	31.84
0x50	 14:08:12.863	0.4229	-0.3013	0.8813	0.5493	9.4604	9.5825	-7.6685	-1.8677	-63.5669	31.84
0x50	 14:08:12.873	0.4419	-0.2837	0.8564	-1.4038	7.5684	4.5776	-7.7948	-2.0160	-63.5284	31.83
0x50	 14:08:12.883	0.4434	-0.2544	0.8608	-4.2725	1.8311	0.5493	-7.9431	-2.2357	-63.5284	31.84
0x50	 14:08:12.893	0.4487	-0.2412	0.8213	-2.5024	-0.9155	-2.5024	-8.0530	-2.4884	-63.5504	31.84
0x50	 14:08:12.903	0.4556	-0.2251	0.8145	3.1738	-4.8218	-3.6011	-8.1024	-2.7905	-63.5779	31.84
0x50	 14:08:12.913	0.5786	-0.4849	0.8989	9.0332	-5.5542	-3.4180	-8.0859	-3.1091	-63.6053	31.84
0x50	 14:08:12.923	0.4307	-0.1270	0.7202	7.5684	-5.3101	-1.2817	-8.2123	-3.4277	-63.6108	31.84
0x50	 14:08:12.933	0.6055	-0.3076	0.8696	-22.9492	-11.9629	-4.7607	-8.4540	-3.8177	-63.6438	31.83
0x50	 14:08:12.946	0.4907	-0.1514	0.8042	-18.4326	-3.4790	1.5869	-8.7506	-4.1473	-63.6218	31.84
0x50	 14:08:12.953	0.4053	-0.3608	0.8691	-37.9639	-5.7983	7.6904	-9.1516	-4.4604	-63.5339	31.84
0x50	 14:08:12.963	0.3320	-0.2905	0.8110	-34.8511	-1.8311	15.2588	-9.6405	-4.6417	-63.3801	31.84
0x50	 14:08:12.973	0.4189	-0.3115	0.8882	-26.0620	0.1831	5.9814	-10.0031	-4.7955	-63.3252	31.84
0x50	 14:08:12.983	0.4297	-0.2998	0.8345	-10.6201	4.0283	0.4272	-10.2008	-4.9438	-63.3252	31.85
0x50	 14:08:12.993	0.4536	-0.2891	0.8491	-7.6904	-1.8311	-0.6714	-10.3766	-5.1746	-63.3307	31.84
0x50	 14:08:13.003	0.4873	-0.3086	0.8706	-6.7139	-3.2349	0.0000	-10.5249	-5.4218	-63.3252	31.84
0x50	 14:08:13.032	0.4717	-0.3174	0.8438	-3.2349	-5.6763	0.0000	-10.6512	-5.7019	-63.3142	31.82
0x50	 14:08:13.033	0.4224	-0.2808	0.8013	-7.4463	-11.7188	0.0000	-10.8215	-6.0370	-63.2922	31.82
0x50	 14:08:13.034	0.4546	-0.2783	0.7886	-9.7656	-15.0757	-1.2817	-11.0083	-6.3885	-63.2758	31.85
0x50	 14:08:13.043	0.4888	-0.3115	0.8159	-2.3804	-12.6343	-0.6714	-11.1182	-6.7346	-63.2593	31.84
0x50	 14:08:13.053	0.4761	-0.3057	0.8140	-2.4414	-8.3008	0.4883	-11.2390	-7.0367	-63.2373	31.84
0x50	 14:08:13.063	0.5903	-0.3291	0.8618	-7.0190	-4.0283	0.5493	-11.4038	-7.2949	-63.2208	31.83
0x50	 14:08:13.073	0.4634	-0.2676	0.7920	-10.4980	0.4272	2.6855	-11.6071	-7.5366	-63.1989	31.83
0x50	 14:08:13.083	0.3887	-0.3296	0.8169	-22.1558	-0.4883	7.9956	-11.9092	-7.7399	-63.1165	31.84
0x50	 14:08:13.093	0.4268	-0.3462	0.8384	-19.5923	2.5024	9.8267	-12.2168	-7.8552	-63.0286	31.83
0x50	 14:08:13.103	0.4365	-0.3428	0.8184	-12.8174	3.7231	5.0659	-12.4475	-7.9816	-62.9846	31.84
0x50	 14:08:13.113	0.4565	-0.3604	0.8398	-7.2632	1.4038	2.4414	-12.6288	-8.1464	-62.9626	31.84
0x50	 14:08:13.123	0.4561	-0.3394	0.8394	-2.8076	0.9155	1.9531	-12.7661	-8.3167	-62.9462	31.84
0x50	 14:08:13.132	0.4487	-0.3149	0.8149	-1.5869	-1.7700	-0.1831	-12.8705	-8.5199	-62.9462	31.84
0x50	 14:08:13.142	0.4653	-0.3003	0.8032	0.0000	-4.4556	-2.1973	-12.9529	-8.7561	-62.9572	31.85
0x50	 14:08:13.153	0.4946	-0.3574	0.8569	1.8921	-4.7607	-2.6855	-13.0078	-9.0033	-62.9681	31.85
0x50	 14:08:13.163	0.4312	-0.2886	0.7729	-0.5493	-5.0659	-1.7700	-13.1067	-9.2450	-62.9791	31.85
0x50	 14:08:13.173	0.4707	-0.3223	0.8462	-8.5449	-9.4604	-2.6855	-13.2660	-9.5251	-62.9791	31.85
0x50	 14:08:13.182	0.4521	-0.2925	0.8291	-2.3804	-4.5166	-0.9766	-13.3649	-9.7504	-62.9791	31.85
0x50	 14:08:13.193	0.4624	-0.3208	0.8364	-5.1270	-7.9346	-0.3052	-13.4802	-10.0031	-62.9626	31.85
0x50	 14:08:13.204	0.5015	-0.3457	0.8936	-1.2817	-9.2773	1.0376	-13.5736	-10.2667	-62.9352	31.85
0x50	 14:08:13.213	0.4741	-0.3091	0.8198	1.4038	-10.4980	1.0986	-13.6395	-10.5359	-62.8967	31.84
0x50	 14:08:13.222	0.4863	-0.2974	0.8120	-2.1362	-19.3481	-0.6104	-13.7384	-10.9039	-62.8583	31.84
0x50	 14:08:13.233	0.5103	-0.2715	0.8550	-0.6714	-20.0806	-2.0142	-13.8153	-11.2830	-62.8253	31.84
0x50	 14:08:13.264	0.5142	-0.2456	0.8125	-0.6714	-20.2026	-2.7466	-13.8647	-11.6675	-62.8033	31.85
0x50	 14:08:13.265	0.4766	-0.2588	0.7622	-3.7842	-26.3672	-2.0752	-13.9417	-12.1234	-62.7594	31.86
0x50	 14:08:13.265	0.4873	-0.3008	0.8071	-4.7607	-27.0996	0.8545	-14.0515	-12.5684	-62.6880	31.85
0x50	 14:08:13.272	0.4902	-0.3081	0.7642	-5.4932	-22.6440	3.4180	-14.1888	-12.9474	-62.5946	31.84
0x50	 14:08:13.282	0.4722	-0.3071	0.7803	-7.8125	-23.2544	4.0283	-14.3646	-13.3374	-62.4957	31.84
0x50	 14:08:13.292	0.4561	-0.3408	0.7339	-9.4604	-20.2637	5.4321	-14.5514	-13.6780	-62.3914	31.83
0x50	 14:08:13.302	0.4570	-0.3862	0.7881	-10.1929	-18.6157	6.7139	-14.7876	-13.9966	-62.2760	31.84
0x50	 14:08:13.312	0.4658	-0.3926	0.7969	-10.6812	-12.5122	6.0425	-15.0293	-14.2383	-62.1826	31.86
0x50	 14:08:13.322	0.5596	-0.4033	0.8354	-10.9863	-11.9019	1.8311	-15.2600	-14.4800	-62.1332	31.85
0x50	 14:08:13.332	0.5122	-0.3442	0.7954	-9.8267	-14.0381	-3.9673	-15.4633	-14.7931	-62.1332	31.87
0x50	 14:08:13.342	0.4595	-0.3179	0.7441	-17.6392	-20.0806	-7.3853	-15.7104	-15.1611	-62.1552	31.86
0x50	 14:08:13.352	0.5298	-0.4409	0.8237	-16.9678	-20.5078	-7.5684	-15.9467	-15.5182	-62.1716	31.85
0x50	 14:08:13.362	0.4736	-0.3447	0.7397	-10.4370	-15.5029	-5.7373	-16.1719	-15.8258	-62.1826	31.85
0x50	 14:08:13.372	0.5078	-0.3711	0.7979	-12.8784	-18.0054	-7.9346	-16.3806	-16.1609	-62.2101	31.87
0x50	 14:08:13.382	0.5576	-0.3667	0.8120	-3.7842	-12.2681	-5.8594	-16.4960	-16.4301	-62.2321	31.86
0x50	 14:08:13.392	0.5527	-0.2964	0.7617	1.9531	-12.7563	-5.7373	-16.5509	-16.7267	-62.2540	31.85
0x50	 14:08:13.402	0.5659	-0.2891	0.7783	-2.8687	-16.7847	-7.1411	-16.6168	-17.0782	-62.2760	31.85
0x50	 14:08:13.412	0.5630	-0.2876	0.7612	-3.4180	-15.3809	-5.8594	-16.6882	-17.4133	-62.2870	31.86
0x50	 14:08:13.443	0.5439	-0.2764	0.7720	-5.6763	-13.5498	-2.9907	-16.7871	-17.7209	-62.2760	31.87
0x50	 14:08:13.444	0.5640	-0.3232	0.8081	-5.5542	-9.2773	0.0000	-16.8805	-17.9681	-62.2485	31.87
0x50	 14:08:13.444	0.5229	-0.3018	0.7500	-2.4414	-5.8594	2.8076	-16.9629	-18.1659	-62.2046	31.86
0x50	 14:08:13.452	0.5186	-0.3325	0.7832	-5.8594	-7.8735	3.1128	-17.0892	-18.3801	-62.1497	31.86
0x50	 14:08:13.462	0.5122	-0.3418	0.7827	-6.5308	-4.8218	4.3945	-17.2321	-18.5394	-62.0892	31.86
0x50	 14:08:13.472	0.5024	-0.3662	0.7588	-8.6670	-5.6152	4.4556	-17.4023	-18.7042	-62.0233	31.86
0x50	 14:08:13.482	0.4951	-0.3735	0.7563	-10.5591	-7.6294	5.1880	-17.6111	-18.8855	-61.9519	31.85
0x50	 14:08:13.492	0.5005	-0.3765	0.7710	-10.1318	-8.2397	4.6997	-17.8253	-19.0613	-61.8750	31.85
0x50	 14:08:13.502	0.5083	-0.3755	0.7798	-8.4839	-9.2773	3.2959	-18.0121	-19.2535	-61.8146	31.85
0x50	 14:08:13.512	0.5239	-0.3730	0.7788	-5.2490	-11.5967	1.7700	-18.1604	-19.4678	-61.7542	31.84
0x50	 14:08:13.522	0.5337	-0.3716	0.7832	-1.7090	-14.5264	0.0000	-18.2648	-19.7205	-61.7102	31.85
0x50	 14:08:13.532	0.5381	-0.3643	0.7754	2.5024	-17.3950	-1.8921	-18.3252	-20.0116	-61.6718	31.86
0x50	 14:08:13.542	0.5884	-0.3481	0.7759	5.5542	-20.7520	-4.0283	-18.3472	-20.3412	-61.6388	31.84
0x50	 14:08:13.552	0.5571	-0.3306	0.6919	6.0425	-23.9868	-6.1035	-18.3527	-20.7257	-61.6223	31.84
0x50	 14:08:13.567	0.5303	-0.3193	0.7285	-0.6104	-28.5645	-7.2632	-18.4406	-21.1707	-61.6003	31.84
0x50	 14:08:13.583	0.5430	-0.3550	0.8032	-5.1270	-23.0103	-6.2256	-18.5449	-21.5332	-61.5839	31.85
0x50	 14:08:13.583	0.5527	-0.3765	0.7764	-4.1504	-18.3105	-3.6621	-18.6493	-21.8188	-61.5619	31.85
0x50	 14:08:13.598	0.5615	-0.3823	0.7544	-2.6855	-23.1323	-3.4180	-18.7646	-22.1539	-61.5125	31.84
0x50	 14:08:13.614	0.5718	-0.3462	0.7539	-2.4414	-25.3906	-5.1880	-18.8855	-22.5220	-61.4795	31.84
0x50	 14:08:13.614	0.5874	-0.3438	0.7637	-4.2114	-24.9634	-7.3853	-18.9844	-22.9010	-61.4685	31.84
0x50	 14:08:13.631	0.5884	-0.3413	0.7593	-5.3711	-25.3906	-7.5684	-19.0997	-23.2855	-61.4575	31.85
